1.0203410 0.1872549 0.1858525 0.1790276 0.1972483 0.1698734 0.1903955 0.1841222 -0.1227834 -0.1237038 -0.1215871 -0.1259083 -0.1279038 -0.0953342 -0.1282749 -0.1240532 -0.0927024 -0.1358398 -0.0955437 -0.0966028 -0.0942413 -0.0915781 -0.0996541 -0.0873813
0.1872549 1.0239984 0.1879463 0.1825757 0.2009193 0.1762542 0.1941782 0.1869157 -0.1189749 -0.1185513 -0.1160170 -0.1252655 -0.1245809 -0.1020915 -0.1228107 -0.1229554 -0.0888742 -0.1289106 -0.1052868 -0.1080115 -0.0918511 -0.1010133 -0.1071384 -0.0833725
0.1858525 0.1879463 1.0177619 0.1840696 0.2025212 0.1743901 0.1921763 0.1867072 -0.1162488 -0.1217914 -0.1140077 -0.1266250 -0.1245526 -0.0942345 -0.1249092 -0.1255995 -0.0966827 -0.1323837 -0.0945746 -0.0946862 -0.1018491 -0.0926802 -0.0973818 -0.0920474
0.1790276 0.1825757 0.1840696 1.0101062 0.2009735 0.1745918 0.1854809 0.1814364 -0.1173134 -0.1151933 -0.1093772 -0.1237694 -0.1245932 -0.0907263 -0.1210905 -0.1212800 -0.1029476 -0.1307469 -0.0933744 -0.0946547 -0.1136941 -0.0873943 -0.0951998 -0.1000290
0.1972483 0.2009193 0.2025212 0.2009735 1.0457358 0.1893891 0.2097497 0.2051823 -0.1224176 -0.1209270 -0.1149618 -0.1317140 -0.1295109 -0.0879880 -0.1301730 -0.1280427 -0.1061284 -0.1409297 -0.0842378 -0.0863228 -0.1211916 -0.0826566 -0.0923781 -0.1037413
0.1698734 0.1762542 0.1743901 0.1745918 0.1893891 0.9943658 0.1767533 0.1720449 -0.1172614 -0.1146734 -0.1096987 -0.1194971 -0.1195477 -0.0895167 -0.1200687 -0.1207312 -0.0983808 -0.1300262 -0.0873918 -0.0882557 -0.1125118 -0.0834632 -0.0953372 -0.0979563
0.1903955 0.1941782 0.1921763 0.1854809 0.2097497 0.1767533 1.0137079 0.1860562 -0.1182513 -0.1182910 -0.1109901 -0.1281265 -0.1232234 -0.0926511 -0.1242733 -0.1195974 -0.0978550 -0.1351079 -0.0921852 -0.0952086 -0.1120701 -0.0851413 -0.0971249 -0.0997458
0.1841222 0.1869157 0.1867072 0.1814364 0.2051823 0.1720449 0.1860562 1.0453960 -0.1235352 -0.1246262 -0.1223129 -0.1298685 -0.1260425 -0.0986091 -0.1291829 -0.1285829 -0.0880365 -0.1351855 -0.1006537 -0.1045563 -0.0842363 -0.0970649 -0.1010399 -0.0865508
-0.1227834 -0.1189749 -0.1162488 -0.1173134 -0.1224176 -0.1172614 -0.1182513 -0.1235352 0.9320310 0.1763456 0.1736403 0.1668241 0.1658844 -0.1082315 0.1755612 0.1782617 -0.1106037 0.1660302 -0.1107641 -0.1120563 -0.1175015 -0.1088241 -0.1132357 -0.1185248
-0.1237038 -0.1185513 -0.1217914 -0.1151933 -0.1209270 -0.1146734 -0.1182910 -0.1246262 0.1763456 0.9198777 0.1826085 0.1653877 0.1674146 -0.1094540 0.1745887 0.1813269 -0.1169179 0.1655795 -0.1063289 -0.1067262 -0.1282820 -0.0970344 -0.1104757 -0.1256761
-0.1215871 -0.1160170 -0.1140077 -0.1093772 -0.1149618 -0.1096987 -0.1109901 -0.1223129 0.1736403 0.1826085 0.9192280 0.1712562 0.1675262 -0.1023643 0.1773724 0.1799885 -0.1190247 0.1660107 -0.0986175 -0.0971453 -0.1353448 -0.0914912 -0.1021868 -0.1243820
-0.1259083 -0.1252655 -0.1266250 -0.1237694 -0.1317140 -0.1194971 -0.1281265 -0.1298685 0.1668241 0.1653877 0.1712562 0.9356338 0.1648950 -0.1144803 0.1715077 0.1769135 -0.0963831 0.1709197 -0.1173640 -0.1151460 -0.0890611 -0.1124225 -0.1130965 -0.0988936
-0.1279038 -0.1245809 -0.1245526 -0.1245932 -0.1295109 -0.1195477 -0.1232234 -0.1260425 0.1658844 0.1674146 0.1675262 0.1648950 0.9241366 -0.1073034 0.1710996 0.1719257 -0.1039836 0.1707464 -0.1115339 -0.1093640 -0.1087001 -0.1073921 -0.1088167 -0.1098819
-0.0953342 -0.1020915 -0.0942345 -0.0907263 -0.0879880 -0.0895167 -0.0926511 -0.0986091 -0.1082315 -0.1094540 -0.1023643 -0.1144803 -0.1073034 0.9949648 -0.1106774 -0.1153213 0.0690606 -0.1176465 0.1594466 0.1530791 0.0489286 0.1424372 0.1358502 0.0653586
-0.1282749 -0.1228107 -0.1249092 -0.1210905 -0.1301730 -0.1200687 -0.1242733 -0.1291829 0.1755612 0.1745887 0.1773724 0.1715077 0.1710996 -0.1106774 0.9453998 0.1824809 -0.1059176 0.1789572 -0.1152120 -0.1109229 -0.1116397 -0.1119712 -0.1114264 -0.1121619
-0.1240532 -0.1229554 -0.1255995 -0.1212800 -0.1280427 -0.1207312 -0.1195974 -0.1285829 0.1782617 0.1813269 0.1799885 0.1769135 0.1719257 -0.1153213 0.1824809 0.9357257 -0.1110571 0.1792763 -0.1193697 -0.1160229 -0.1153696 -0.1134273 -0.1169957 -0.1100340
-0.0927024 -0.0888742 -0.0966827 -0.1029476 -0.1061284 -0.0983808 -0.0978550 -0.0880365 -0.1106037 -0.1169179 -0.1190247 -0.0963831 -0.1039836 0.0690606 -0.1059176 -0.1110571 1.0350251 -0.0877532 0.0263589 0.0277798 0.2584398 0.0509841 0.0703783 0.2087591
-0.1358398 -0.1289106 -0.1323837 -0.1307469 -0.1409297 -0.1300262 -0.1351079 -0.1351855 0.1660302 0.1655795 0.1660107 0.1709197 0.1707464 -0.1176465 0.1789572 0.1792763 -0.0877532 0.9773779 -0.1268653 -0.1224332 -0.0712402 -0.1259985 -0.1166776 -0.0934146
-0.0955437 -0.1052868 -0.0945746 -0.0933744 -0.0842378 -0.0873918 -0.0921852 -0.1006537 -0.1107641 -0.1063289 -0.0986175 -0.1173640 -0.1115339 0.1594466 -0.1152120 -0.1193697 0.0263589 -0.1268653 1.0215087 0.1856209 -0.0038408 0.1586582 0.1778025 0.0234703
-0.0966028 -0.1080115 -0.0946862 -0.0946547 -0.0863228 -0.0882557 -0.0952086 -0.1045563 -0.1120563 -0.1067262 -0.0971453 -0.1151460 -0.1093640 0.1530791 -0.1109229 -0.1160229 0.0277798 -0.1224332 0.1856209 1.0152667 -0.0056306 0.1495941 0.1375224 0.0200023
-0.0942413 -0.0918511 -0.1018491 -0.1136941 -0.1211916 -0.1125118 -0.1120701 -0.0842363 -0.1175015 -0.1282820 -0.1353448 -0.0890611 -0.1087001 0.0489286 -0.1116397 -0.1153696 0.2584398 -0.0712402 -0.0038408 -0.0056306 1.1781994 0.0084103 0.0547724 0.2737434
-0.0915781 -0.1010133 -0.0926802 -0.0873943 -0.0826566 -0.0834632 -0.0851413 -0.0970649 -0.1088241 -0.0970344 -0.0914912 -0.1124225 -0.1073921 0.1424372 -0.1119712 -0.1134273 0.0509841 -0.1259985 0.1586582 0.1495941 0.0084103 0.9459836 0.1244354 0.0346001
-0.0996541 -0.1071384 -0.0973818 -0.0951998 -0.0923781 -0.0953372 -0.0971249 -0.1010399 -0.1132357 -0.1104757 -0.1021868 -0.1130965 -0.1088167 0.1358502 -0.1114264 -0.1169957 0.0703783 -0.1166776 0.1778025 0.1375224 0.0547724 0.1244354 0.9720641 0.0669541
-0.0873813 -0.0833725 -0.0920474 -0.1000290 -0.1037413 -0.0979563 -0.0997458 -0.0865508 -0.1185248 -0.1256761 -0.1243820 -0.0988936 -0.1098819 0.0653586 -0.1121619 -0.1100340 0.2087591 -0.0934146 0.0234703 0.0200023 0.2737434 0.0346001 0.0669541 1.0431309
