0.9297308 -0.0103931 0.0357441 0.0022272 -0.0171543 0.0052672 0.0294798 0.0043542 0.0341528 0.0035850 -0.0177639 0.0359080 0.0020027 -0.0164699 0.0355988 0.0052276 -0.0177189 0.0375915 0.0039095 -0.0147150 0.0378749 0.0023678 -0.0130403 0.0355366 -0.0107436 0.0159530 -0.0268600 -0.0279731 0.0218651 -0.0135756 -0.0272235 -0.0118923 -0.0118955 -0.0293397 -0.0289378 -0.0299760 -0.0111386 0.0197764 -0.0304855 -0.0294328 -0.0124490 0.0184514 0.0239853 -0.0277855 -0.0289222 -0.0119172 0.0207724 -0.0280771 -0.0281527 -0.0298027 0.0223306 -0.0288649 0.0239060 -0.0284929 -0.0274003 -0.0016287 -0.0204771 -0.0197479 -0.0025871 -0.0040421 -0.0017866 -0.0027512 -0.0049093 -0.0009930 -0.0021901 -0.0199400 -0.0231348 -0.0177583 -0.0213198 -0.0193627 -0.0235576 -0.0187023 -0.0233626 -0.0173181 -0.0212901 -0.0232932 -0.0222182 -0.0228127
-0.0103931 0.9135825 -0.0262176 -0.0130809 -0.0026227 -0.0106220 -0.0229565 -0.0101625 -0.0257424 -0.0092167 0.0006226 -0.0270805 -0.0108812 0.0019134 -0.0258132 -0.0110179 -0.0002326 -0.0252717 -0.0111696 -0.0005742 -0.0272237 -0.0102597 -0.0046263 -0.0250314 -0.0043909 -0.0122707 0.0000768 0.0006602 -0.0090151 -0.0039767 0.0027424 0.0044864 -0.0035529 -0.0019670 0.0002705 -0.0002614 -0.0059681 -0.0127685 -0.0007839 0.0005618 -0.0043847 -0.0131245 -0.0124973 -0.0007421 0.0022936 -0.0093889 -0.0121877 -0.0004552 0.0007323 -0.0011684 -0.0123507 0.0014960 -0.0136279 -0.0011554 0.0001655 -0.0144188 -0.0033490 -0.0041848 -0.0156817 -0.0142690 -0.0156653 -0.0127542 -0.0144542 -0.0121207 -0.0137306 -0.0002294 -0.0031466 -0.0005165 -0.0035143 -0.0047277 -0.0045996 -0.0028944 -0.0049692 -0.0013058 -0.0038931 -0.0058998 -0.0041075 -0.0038945
0.0357441 -0.0262176 1.0205775 0.0165433 -0.0401825 0.0192735 0.1461000 0.0183880 0.1977533 0.0178432 -0.0460589 0.2065999 0.0131108 -0.0459635 0.1932225 0.0136553 -0.0445481 0.1957039 0.0136238 -0.0424368 0.1969056 0.0120918 -0.0279649 0.1904786 -0.0227232 0.0328129 -0.0739391 -0.0789290 0.0415805 -0.0284774 -0.0787012 -0.0282031 -0.0261341 -0.0748871 -0.0782963 -0.0749089 -0.0219512 0.0407858 -0.0770552 -0.0781863 -0.0252515 0.0309716 0.0388084 -0.0741647 -0.0775258 -0.0215197 0.0371332 -0.0713935 -0.0766413 -0.0777296 0.0446987 -0.0767504 0.0387538 -0.0746977 -0.0731645 0.0074340 -0.0513076 -0.0500715 0.0057956 0.0080360 0.0118548 0.0045421 0.0059319 0.0065768 0.0030225 -0.0563359 -0.0582469 -0.0503855 -0.0619710 -0.0429165 -0.0576821 -0.0475172 -0.0582658 -0.0500337 -0.0487629 -0.0543198 -0.0534367 -0.0520385
0.0022272 -0.0130809 0.0165433 0.9300193 -0.0124856 0.0157643 0.0132353 0.0132482 0.0162771 0.0127318 -0.0146898 0.0152371 0.0196554 -0.0163955 0.0166594 0.0150077 -0.0178912 0.0159050 0.0157537 -0.0162355 0.0173122 0.0168683 -0.0127485 0.0161129 -0.0122567 0.0054363 -0.0200987 -0.0204296 0.0028588 -0.0122603 -0.0228661 -0.0124837 -0.0112016 -0.0219639 -0.0220613 -0.0223270 -0.0124347 0.0048386 -0.0209474 -0.0216406 -0.0120727 0.0029882 0.0038174 -0.0186035 -0.0217595 -0.0127704 0.0010976 -0.0218931 -0.0201771 -0.0233059 0.0039101 -0.0218514 0.0044682 -0.0198971 -0.0231202 -0.0058636 -0.0137770 -0.0138616 -0.0027225 -0.0021565 -0.0035690 -0.0070683 -0.0062456 -0.0037722 -0.0054583 -0.0176086 -0.0236952 -0.0142853 -0.0213705 -0.0154103 -0.0175108 -0.0129843 -0.0213374 -0.0139504 -0.0150921 -0.0204327 -0.0184072 -0.0214460
-0.0171543 -0.0026227 -0.0401825 -0.0124856 0.9585131 -0.0094223 -0.0230632 -0.0117104 -0.0347136 -0.0132196 0.0095828 -0.0406217 -0.0070230 0.0095207 -0.0394039 -0.0109430 0.0111548 -0.0389487 -0.0137415 0.0118279 -0.0371417 -0.0183295 -0.0021802 -0.0390658 -0.0056497 -0.0141721 0.0029319 0.0018619 -0.0191678 0.0007494 -0.0003489 -0.0076439 -0.0052890 0.0061479 0.0040811 0.0019480 -0.0040771 -0.0164878 0.0021642 0.0023764 -0.0043732 -0.0172134 -0.0172346 0.0049692 0.0009982 -0.0068615 -0.0191646 -0.0005610 0.0019221 0.0023843 -0.0161858 0.0012220 -0.0188514 0.0004754 -0.0003714 -0.0109437 -0.0020790 -0.0005078 -0.0135536 -0.0091909 -0.0093653 -0.0135481 -0.0096734 -0.0135194 -0.0192635 0.0025179 0.0004056 0.0008186 -0.0003218 -0.0012797 0.0086835 -0.0001565 0.0062129 -0.0000771 0.0007999 0.0079996 0.0031997 0.0034256
0.0052672 -0.0106220 0.0192735 0.0157643 -0.0094223 0.9432873 0.0197788 0.0243872 0.0199546 0.0196325 -0.0188099 0.0189582 0.0185553 -0.0172098 0.0184216 0.0179861 -0.0187959 0.0190819 0.0146020 -0.0170475 0.0212976 0.0132859 -0.0130623 0.0170571 -0.0126283 0.0046045 -0.0212964 -0.0243610 0.0030249 -0.0115337 -0.0250886 -0.0122589 -0.0137252 -0.0220112 -0.0204718 -0.0225024 -0.0114688 0.0038212 -0.0228950 -0.0260074 -0.0113455 0.0053675 0.0055965 -0.0217587 -0.0248134 -0.0144495 0.0019869 -0.0236053 -0.0245989 -0.0219738 0.0049611 -0.0250327 0.0033038 -0.0239545 -0.0258761 -0.0007238 -0.0159098 -0.0177291 -0.0036410 -0.0025706 -0.0015333 -0.0060708 -0.0048669 -0.0030778 -0.0118678 -0.0210553 -0.0298708 -0.0153492 -0.0257936 -0.0160353 -0.0189912 -0.0148937 -0.0213956 -0.0156581 -0.0153652 -0.0174827 -0.0181184 -0.0232325
0.0294798 -0.0229565 0.1461000 0.0132353 -0.0230632 0.0197788 1.0152732 0.0162467 0.1433504 0.0110851 -0.0416747 0.1490221 0.0184330 -0.0434601 0.1386879 0.0179813 -0.0436867 0.1465911 0.0117826 -0.0415486 0.1472048 0.0091409 -0.0241314 0.1385862 -0.0209155 0.0321546 -0.0595250 -0.0675935 0.0295994 -0.0220912 -0.0679126 -0.0258777 -0.0219609 -0.0597170 -0.0601611 -0.0622425 -0.0179128 0.0341351 -0.0609706 -0.0638032 -0.0192053 0.0280146 0.0326761 -0.0600119 -0.0626601 -0.0183760 0.0287260 -0.0626093 -0.0652884 -0.0610867 0.0363018 -0.0641580 0.0317189 -0.0635245 -0.0645209 0.0085558 -0.0414782 -0.0393702 0.0019626 0.0086172 0.0103068 0.0023387 0.0076223 0.0034390 -0.0042980 -0.0529958 -0.0572283 -0.0407905 -0.0563264 -0.0367118 -0.0425916 -0.0376932 -0.0514412 -0.0427843 -0.0381022 -0.0423321 -0.0454420 -0.0482753
0.0043542 -0.0101625 0.0183880 0.0132482 -0.0117104 0.0243872 0.0162467 0.9355959 0.0170995 0.0177751 -0.0155021 0.0190253 0.0177358 -0.0160519 0.0181093 0.0154655 -0.0172721 0.0183925 0.0180874 -0.0150194 0.0195806 0.0162031 -0.0127788 0.0180072 -0.0119703 0.0046316 -0.0210635 -0.0233653 0.0031447 -0.0117822 -0.0234465 -0.0146614 -0.0112762 -0.0235063 -0.0228817 -0.0238716 -0.0101173 0.0037790 -0.0213345 -0.0233984 -0.0138698 0.0029263 0.0039777 -0.0216487 -0.0235361 -0.0124871 0.0033637 -0.0222316 -0.0239520 -0.0216986 0.0070697 -0.0233362 0.0023169 -0.0252532 -0.0237662 -0.0032991 -0.0164800 -0.0162325 -0.0049675 -0.0034052 -0.0029834 -0.0053718 -0.0034180 -0.0043533 -0.0065327 -0.0186094 -0.0242575 -0.0133063 -0.0237638 -0.0168492 -0.0187639 -0.0161130 -0.0209253 -0.0139235 -0.0171266 -0.0213156 -0.0183117 -0.0211619
0.0341528 -0.0257424 0.1977533 0.0162771 -0.0347136 0.0199546 0.1433504 0.0170995 1.0282806 0.0171617 -0.0484164 0.2106652 0.0178861 -0.0491387 0.1934967 0.0171624 -0.0482522 0.1924198 0.0130391 -0.0453753 0.2025120 0.0111577 -0.0296534 0.1917795 -0.0231833 0.0349443 -0.0732730 -0.0794207 0.0383807 -0.0287003 -0.0803462 -0.0301958 -0.0264862 -0.0732558 -0.0753160 -0.0761024 -0.0234240 0.0409593 -0.0758690 -0.0781560 -0.0221972 0.0321310 0.0385994 -0.0711924 -0.0757226 -0.0222385 0.0349214 -0.0734845 -0.0785789 -0.0766551 0.0425992 -0.0794397 0.0381154 -0.0768321 -0.0749018 0.0083539 -0.0492896 -0.0489090 0.0045348 0.0090828 0.0133083 0.0029450 0.0059398 0.0046027 -0.0030836 -0.0611831 -0.0620356 -0.0517877 -0.0652038 -0.0441961 -0.0538783 -0.0467242 -0.0602220 -0.0527829 -0.0477182 -0.0539264 -0.0527040 -0.0539214
0.0035850 -0.0092167 0.0178432 0.0127318 -0.0132196 0.0196325 0.0110851 0.0177751 0.0171617 0.9216882 -0.0130978 0.0175701 0.0152504 -0.0118396 0.0189719 0.0168128 -0.0121426 0.0182781 0.0159293 -0.0090928 0.0184146 0.0177788 -0.0106921 0.0174181 -0.0098682 0.0039647 -0.0206505 -0.0186226 0.0057016 -0.0135290 -0.0214668 -0.0100916 -0.0104086 -0.0230838 -0.0217539 -0.0222021 -0.0112512 0.0039957 -0.0205835 -0.0221982 -0.0117137 0.0023670 0.0045761 -0.0211161 -0.0230754 -0.0114322 0.0047233 -0.0196794 -0.0207020 -0.0218266 0.0063311 -0.0218932 0.0058777 -0.0204310 -0.0202178 -0.0043380 -0.0164674 -0.0152240 -0.0042063 -0.0060715 -0.0042605 -0.0057057 -0.0067883 -0.0038026 -0.0025544 -0.0141988 -0.0188173 -0.0112481 -0.0176066 -0.0146179 -0.0193810 -0.0138376 -0.0216722 -0.0128645 -0.0161912 -0.0209547 -0.0187102 -0.0192805
-0.0177639 0.0006226 -0.0460589 -0.0146898 0.0095828 -0.0188099 -0.0416747 -0.0155021 -0.0484164 -0.0130978 0.9046577 -0.0486591 -0.0201706 0.0214915 -0.0440813 -0.0162362 0.0227111 -0.0454940 -0.0134201 0.0234876 -0.0477865 -0.0143406 -0.0050347 -0.0434939 -0.0039936 -0.0236708 0.0071173 0.0093050 -0.0164945 -0.0028812 0.0099262 -0.0015775 -0.0039619 0.0036993 0.0062050 0.0050250 -0.0057880 -0.0205140 0.0061521 0.0062702 -0.0070146 -0.0201543 -0.0205005 0.0051543 0.0066250 -0.0078750 -0.0201452 0.0055024 0.0062557 0.0049727 -0.0192584 0.0070370 -0.0188921 0.0067853 0.0057194 -0.0156919 0.0027191 0.0003238 -0.0129162 -0.0165007 -0.0160554 -0.0112258 -0.0155122 -0.0108989 -0.0062928 0.0145790 0.0166420 0.0041852 0.0154095 0.0002145 0.0076526 0.0001634 0.0109466 0.0041192 -0.0042408 0.0060255 0.0087310 0.0099829
0.0359080 -0.0270805 0.2065999 0.0152371 -0.0406217 0.0189582 0.1490221 0.0190253 0.2106652 0.0175701 -0.0486591 1.0215392 0.0153145 -0.0464968 0.1997798 0.0157400 -0.0445986 0.2070279 0.0147589 -0.0426527 0.2086496 0.0133221 -0.0287474 0.1998074 -0.0223840 0.0341892 -0.0746413 -0.0802765 0.0420637 -0.0297047 -0.0806441 -0.0284436 -0.0264097 -0.0766862 -0.0807621 -0.0770897 -0.0232688 0.0405030 -0.0785753 -0.0801198 -0.0247362 0.0330802 0.0403305 -0.0762254 -0.0773934 -0.0217164 0.0378554 -0.0753801 -0.0803590 -0.0804972 0.0453228 -0.0784857 0.0404605 -0.0768264 -0.0748541 0.0069067 -0.0528904 -0.0513548 0.0070742 0.0073876 0.0110073 0.0049860 0.0057647 0.0084975 0.0012465 -0.0589114 -0.0590484 -0.0523761 -0.0625280 -0.0440104 -0.0596424 -0.0493458 -0.0608687 -0.0523380 -0.0499011 -0.0568493 -0.0553866 -0.0558372
0.0020027 -0.0108812 0.0131108 0.0196554 -0.0070230 0.0185553 0.0184330 0.0177358 0.0178861 0.0152504 -0.0201706 0.0153145 0.9452065 -0.0190208 0.0140773 0.0221390 -0.0202546 0.0162683 0.0197193 -0.0208400 0.0165477 0.0149978 -0.0147791 0.0139309 -0.0113974 0.0046039 -0.0201206 -0.0249000 0.0015294 -0.0120953 -0.0243054 -0.0125084 -0.0140159 -0.0205873 -0.0217123 -0.0239105 -0.0135805 0.0036670 -0.0214838 -0.0233272 -0.0125063 0.0045150 0.0038516 -0.0203758 -0.0240078 -0.0125254 0.0010243 -0.0238066 -0.0245058 -0.0223582 0.0026546 -0.0243022 0.0016677 -0.0240872 -0.0253934 -0.0048253 -0.0161368 -0.0150336 -0.0088178 -0.0041846 -0.0046007 -0.0074318 -0.0058619 -0.0053566 -0.0137115 -0.0227457 -0.0277183 -0.0141108 -0.0293906 -0.0142358 -0.0162340 -0.0144749 -0.0214281 -0.0148784 -0.0116435 -0.0181665 -0.0190339 -0.0226945
-0.0164699 0.0019134 -0.0459635 -0.0163955 0.0095207 -0.0172098 -0.0434601 -0.0160519 -0.0491387 -0.0118396 0.0214915 -0.0464968 -0.0190208 0.9051267 -0.0420926 -0.0177947 0.0247113 -0.0443360 -0.0122273 0.0251069 -0.0472527 -0.0124865 -0.0027677 -0.0418604 -0.0044252 -0.0217920 0.0056043 0.0088956 -0.0149643 -0.0026320 0.0099898 0.0009715 -0.0021168 0.0023064 0.0039360 0.0040587 -0.0054943 -0.0187935 0.0051080 0.0051374 -0.0054032 -0.0177498 -0.0193806 0.0052557 0.0062443 -0.0058344 -0.0187763 0.0067368 0.0076044 0.0039376 -0.0174358 0.0075711 -0.0187106 0.0059316 0.0056506 -0.0175130 0.0019245 0.0013993 -0.0130541 -0.0179289 -0.0156003 -0.0112487 -0.0181441 -0.0121563 -0.0080485 0.0161308 0.0193633 0.0065354 0.0197651 0.0015134 0.0085281 0.0010598 0.0113339 0.0055918 -0.0029541 0.0077701 0.0089490 0.0106811
0.0355988 -0.0258132 0.1932225 0.0166594 -0.0394039 0.0184216 0.1386879 0.0181093 0.1934967 0.0189719 -0.0440813 0.1997798 0.0140773 -0.0420926 1.0083789 0.0157361 -0.0392847 0.1895318 0.0165917 -0.0385117 0.1957604 0.0151445 -0.0279375 0.1892512 -0.0223888 0.0315867 -0.0732936 -0.0750777 0.0403845 -0.0284988 -0.0763132 -0.0269731 -0.0240780 -0.0727969 -0.0774663 -0.0728345 -0.0222970 0.0399171 -0.0757946 -0.0780288 -0.0233589 0.0315914 0.0381299 -0.0724372 -0.0747694 -0.0216738 0.0362309 -0.0695584 -0.0745731 -0.0754969 0.0429808 -0.0748112 0.0390827 -0.0735823 -0.0717826 0.0084562 -0.0487079 -0.0490723 0.0056882 0.0081924 0.0089979 0.0059294 0.0064362 0.0077440 0.0051698 -0.0542246 -0.0539373 -0.0480708 -0.0561590 -0.0425165 -0.0559502 -0.0477121 -0.0580737 -0.0481947 -0.0492322 -0.0552733 -0.0514880 -0.0505314
0.0052276 -0.0110179 0.0136553 0.0150077 -0.0109430 0.0179861 0.0179813 0.0154655 0.0171624 0.0168128 -0.0162362 0.0157400 0.0221390 -0.0177947 0.0157361 0.9351705 -0.0178493 0.0164128 0.0145481 -0.0184268 0.0162328 0.0201538 -0.0134414 0.0160658 -0.0123180 0.0013967 -0.0207278 -0.0239193 0.0037919 -0.0129739 -0.0247479 -0.0130180 -0.0139481 -0.0225156 -0.0219266 -0.0251115 -0.0119821 0.0052554 -0.0214045 -0.0224589 -0.0104816 0.0039345 0.0063136 -0.0209020 -0.0230464 -0.0098632 0.0040854 -0.0228248 -0.0244711 -0.0232896 0.0044324 -0.0235977 0.0030250 -0.0232625 -0.0244744 -0.0031908 -0.0168017 -0.0162244 -0.0058887 -0.0045082 -0.0039275 -0.0063788 -0.0047066 -0.0061161 -0.0111996 -0.0181808 -0.0250372 -0.0139574 -0.0252198 -0.0154537 -0.0185512 -0.0146953 -0.0201649 -0.0150781 -0.0159473 -0.0195376 -0.0192490 -0.0234319
-0.0177189 -0.0002326 -0.0445481 -0.0178912 0.0111548 -0.0187959 -0.0436867 -0.0172721 -0.0482522 -0.0121426 0.0227111 -0.0445986 -0.0202546 0.0247113 -0.0392847 -0.0178493 0.8911459 -0.0436695 -0.0142355 0.0271870 -0.0449765 -0.0124564 -0.0039752 -0.0424299 -0.0053578 -0.0244271 0.0039454 0.0091456 -0.0127461 -0.0057608 0.0082759 0.0001311 -0.0037953 0.0007511 0.0012661 0.0038602 -0.0056179 -0.0192872 0.0051990 0.0042111 -0.0087902 -0.0192300 -0.0209237 0.0006984 0.0029913 -0.0085654 -0.0171681 0.0054766 0.0053879 0.0012565 -0.0182092 0.0046335 -0.0177385 0.0042082 0.0037509 -0.0183650 0.0005874 -0.0031786 -0.0111894 -0.0162343 -0.0168509 -0.0119855 -0.0178930 -0.0114124 -0.0046628 0.0152793 0.0201603 0.0050717 0.0179004 -0.0021795 0.0044991 -0.0012491 0.0079478 0.0034168 -0.0049996 0.0042334 0.0071201 0.0090089
0.0375915 -0.0252717 0.1957039 0.0159050 -0.0389487 0.0190819 0.1465911 0.0183925 0.1924198 0.0182781 -0.0454940 0.2070279 0.0162683 -0.0443360 0.1895318 0.0164128 -0.0436695 1.0198276 0.0143734 -0.0408832 0.2048694 0.0134922 -0.0284669 0.1944212 -0.0230980 0.0361013 -0.0736887 -0.0778932 0.0436315 -0.0281474 -0.0793440 -0.0274793 -0.0246471 -0.0758498 -0.0784874 -0.0761534 -0.0213622 0.0422945 -0.0772616 -0.0797122 -0.0212297 0.0336884 0.0398170 -0.0734209 -0.0778744 -0.0209690 0.0366060 -0.0728908 -0.0781999 -0.0784242 0.0442812 -0.0775967 0.0403812 -0.0752557 -0.0739933 0.0080372 -0.0497144 -0.0502323 0.0060695 0.0073875 0.0109489 0.0054634 0.0057189 0.0066549 0.0029941 -0.0573313 -0.0570845 -0.0495326 -0.0614811 -0.0445737 -0.0560146 -0.0468600 -0.0603035 -0.0498125 -0.0498848 -0.0565493 -0.0537695 -0.0517574
0.0039095 -0.0111696 0.0136238 0.0157537 -0.0137415 0.0146020 0.0117826 0.0180874 0.0130391 0.0159293 -0.0134201 0.0147589 0.0197193 -0.0122273 0.0165917 0.0145481 -0.0142355 0.0143734 0.9199855 -0.0110885 0.0154747 0.0160809 -0.0135762 0.0145142 -0.0117414 0.0025000 -0.0194863 -0.0206355 0.0039041 -0.0137688 -0.0215561 -0.0112082 -0.0110590 -0.0219815 -0.0218649 -0.0224851 -0.0128001 0.0032355 -0.0217031 -0.0231601 -0.0123095 -0.0001622 0.0032794 -0.0200920 -0.0223618 -0.0116939 0.0021259 -0.0200547 -0.0218026 -0.0214886 0.0037273 -0.0227829 0.0030861 -0.0209351 -0.0208045 -0.0053679 -0.0142567 -0.0148096 -0.0071644 -0.0061828 -0.0059035 -0.0058214 -0.0073933 -0.0037708 -0.0052913 -0.0159097 -0.0188054 -0.0126040 -0.0190112 -0.0159287 -0.0196332 -0.0150179 -0.0200224 -0.0133382 -0.0162504 -0.0213973 -0.0174746 -0.0193521
-0.0147150 -0.0005742 -0.0424368 -0.0162355 0.0118279 -0.0170475 -0.0415486 -0.0150194 -0.0453753 -0.0090928 0.0234876 -0.0426527 -0.0208400 0.0251069 -0.0385117 -0.0184268 0.0271870 -0.0408832 -0.0110885 0.8878266 -0.0425947 -0.0096849 -0.0026327 -0.0393049 -0.0048078 -0.0232461 0.0036068 0.0048662 -0.0146841 -0.0069824 0.0074504 0.0009908 -0.0032038 -0.0006128 -0.0007212 0.0010637 -0.0069428 -0.0182852 0.0013330 0.0016459 -0.0066935 -0.0201979 -0.0194287 0.0006927 -0.0011341 -0.0089119 -0.0171523 0.0026796 0.0032531 -0.0028450 -0.0161319 0.0018593 -0.0181971 0.0026721 0.0037184 -0.0190298 -0.0021592 -0.0011598 -0.0136743 -0.0177964 -0.0181633 -0.0124282 -0.0182667 -0.0126161 -0.0030595 0.0170421 0.0224481 0.0043195 0.0196300 -0.0031775 0.0049900 -0.0019748 0.0073785 0.0043932 -0.0061879 0.0025143 0.0065197 0.0106400
0.0378749 -0.0272237 0.1969056 0.0173122 -0.0371417 0.0212976 0.1472048 0.0195806 0.2025120 0.0184146 -0.0477865 0.2086496 0.0165477 -0.0472527 0.1957604 0.0162328 -0.0449765 0.2048694 0.0154747 -0.0425947 1.0279301 0.0142026 -0.0302954 0.1956606 -0.0239590 0.0375102 -0.0739251 -0.0807926 0.0430124 -0.0286882 -0.0809527 -0.0299196 -0.0258920 -0.0739480 -0.0799465 -0.0772296 -0.0226536 0.0425454 -0.0779884 -0.0805873 -0.0230803 0.0341809 0.0424770 -0.0741328 -0.0771686 -0.0222692 0.0369196 -0.0739911 -0.0796698 -0.0784721 0.0456799 -0.0800040 0.0408210 -0.0753571 -0.0741515 0.0104859 -0.0513442 -0.0508282 0.0064986 0.0096531 0.0116900 0.0047851 0.0055035 0.0092310 0.0024867 -0.0590834 -0.0588787 -0.0517777 -0.0633233 -0.0440023 -0.0578992 -0.0488313 -0.0622065 -0.0516654 -0.0499353 -0.0566357 -0.0541509 -0.0544703
0.0023678 -0.0102597 0.0120918 0.0168683 -0.0183295 0.0132859 0.0091409 0.0162031 0.0111577 0.0177788 -0.0143406 0.0133221 0.0149978 -0.0124865 0.0151445 0.0201538 -0.0124564 0.0134922 0.0160809 -0.0096849 0.0142026 0.9083637 -0.0138630 0.0138784 -0.0132722 0.0019756 -0.0191577 -0.0181324 0.0054924 -0.0132638 -0.0193397 -0.0122781 -0.0101629 -0.0240247 -0.0214267 -0.0222340 -0.0126533 0.0013808 -0.0235288 -0.0235866 -0.0132970 0.0001025 0.0019631 -0.0206361 -0.0239979 -0.0145750 0.0028384 -0.0201976 -0.0212924 -0.0214754 0.0042235 -0.0219023 0.0007773 -0.0224522 -0.0202926 -0.0087369 -0.0153005 -0.0157104 -0.0077622 -0.0068251 -0.0055648 -0.0078041 -0.0097797 -0.0049638 -0.0055400 -0.0139610 -0.0194155 -0.0128684 -0.0165882 -0.0131822 -0.0200417 -0.0150119 -0.0184074 -0.0135347 -0.0146717 -0.0219469 -0.0186530 -0.0210676
-0.0130403 -0.0046263 -0.0279649 -0.0127485 -0.0021802 -0.0130623 -0.0241314 -0.0127788 -0.0296534 -0.0106921 -0.0050347 -0.0287474 -0.0147791 -0.0027677 -0.0279375 -0.0134414 -0.0039752 -0.0284669 -0.0135762 -0.0026327 -0.0302954 -0.0138630 0.9220773 -0.0263524 0.0223890 -0.0148127 -0.0037071 -0.0051183 -0.0117809 0.0201100 -0.0043819 0.0185876 0.0197700 -0.0061369 -0.0047785 -0.0067625 0.0315983 -0.0146757 -0.0065531 -0.0057189 0.0281486 -0.0151975 -0.0135068 -0.0046271 -0.0049130 0.0365363 -0.0137372 -0.0073273 -0.0042751 -0.0061253 -0.0133948 -0.0057775 -0.0122421 -0.0067220 -0.0054326 -0.0169974 -0.0068556 -0.0065057 -0.0158927 -0.0161938 -0.0147184 -0.0190362 -0.0170495 -0.0132751 -0.0138257 -0.0022313 -0.0065959 -0.0015708 -0.0082305 -0.0078867 -0.0056669 -0.0037417 -0.0071130 -0.0025360 -0.0078423 -0.0055103 -0.0038128 -0.0107078
0.0355366 -0.0250314 0.1904786 0.0161129 -0.0390658 0.0170571 0.1385862 0.0180072 0.1917795 0.0174181 -0.0434939 0.1998074 0.0139309 -0.0418604 0.1892512 0.0160658 -0.0424299 0.1944212 0.0145142 -0.0393049 0.1956606 0.0138784 -0.0263524 1.0047824 -0.0227092 0.0321438 -0.0717144 -0.0767100 0.0412106 -0.0291207 -0.0766659 -0.0285368 -0.0244830 -0.0731261 -0.0763108 -0.0736718 -0.0222836 0.0384139 -0.0740644 -0.0769166 -0.0239344 0.0311909 0.0396600 -0.0724153 -0.0747810 -0.0214106 0.0355719 -0.0713835 -0.0755471 -0.0749807 0.0439884 -0.0762405 0.0378541 -0.0734550 -0.0727064 0.0073257 -0.0505103 -0.0481823 0.0047393 0.0074459 0.0089709 0.0055595 0.0060862 0.0061470 0.0034710 -0.0555160 -0.0556195 -0.0498548 -0.0588061 -0.0417058 -0.0557146 -0.0474054 -0.0572232 -0.0484209 -0.0482997 -0.0555158 -0.0530012 -0.0513566
-0.0107436 -0.0043909 -0.0227232 -0.0122567 -0.0056497 -0.0126283 -0.0209155 -0.0119703 -0.0231833 -0.0098682 -0.0039936 -0.0223840 -0.0113974 -0.0044252 -0.0223888 -0.0123180 -0.0053578 -0.0230980 -0.0117414 -0.0048078 -0.0239590 -0.0132722 0.0223890 -0.0227092 0.9113699 -0.0140795 -0.0047990 -0.0050020 -0.0092330 0.0238145 -0.0065481 0.0129284 0.0329079 -0.0071687 -0.0084792 -0.0068975 0.0209798 -0.0089594 -0.0068145 -0.0050582 0.0183278 -0.0111934 -0.0110085 -0.0054095 -0.0051965 0.0307757 -0.0102472 -0.0063486 -0.0062469 -0.0070413 -0.0101707 -0.0063875 -0.0101272 -0.0066768 -0.0066795 -0.0153274 -0.0059999 -0.0067471 -0.0147731 -0.0161063 -0.0154244 -0.0154669 -0.0169633 -0.0142603 -0.0144168 -0.0040792 -0.0093858 -0.0025770 -0.0070844 -0.0076928 -0.0084314 -0.0075636 -0.0082673 -0.0035445 -0.0055216 -0.0102655 -0.0040255 -0.0099309
0.0159530 -0.0122707 0.0328129 0.0054363 -0.0141721 0.0046045 0.0321546 0.0046316 0.0349443 0.0039647 -0.0236708 0.0341892 0.0046039 -0.0217920 0.0315867 0.0013967 -0.0244271 0.0361013 0.0025000 -0.0232461 0.0375102 0.0019756 -0.0148127 0.0321438 -0.0140795 0.9417713 -0.0304143 -0.0312927 0.0180428 -0.0148151 -0.0325397 -0.0141242 -0.0143208 -0.0303133 -0.0301345 -0.0313276 -0.0145647 0.0210022 -0.0315221 -0.0322946 -0.0140084 0.0275325 0.0251490 -0.0304884 -0.0326189 -0.0143388 0.0223034 -0.0303083 -0.0302206 -0.0301300 0.0248394 -0.0326630 0.0262693 -0.0321823 -0.0322770 -0.0019943 -0.0214038 -0.0217002 -0.0055896 -0.0019604 -0.0008655 -0.0056311 -0.0023993 -0.0054608 -0.0074196 -0.0277936 -0.0320523 -0.0218788 -0.0337010 -0.0221777 -0.0226058 -0.0208593 -0.0269135 -0.0208512 -0.0198807 -0.0253327 -0.0254550 -0.0267652
-0.0268600 0.0000768 -0.0739391 -0.0200987 0.0029319 -0.0212964 -0.0595250 -0.0210635 -0.0732730 -0.0206505 0.0071173 -0.0746413 -0.0201206 0.0056043 -0.0732936 -0.0207278 0.0039454 -0.0736887 -0.0194863 0.0036068 -0.0739251 -0.0191577 -0.0037071 -0.0717144 -0.0047990 -0.0304143 0.9488194 0.0335940 -0.0276952 -0.0020215 0.0392403 -0.0004840 -0.0038431 0.0361985 0.0391718 0.0315370 -0.0045799 -0.0276062 0.0392776 0.0334237 -0.0055218 -0.0266128 -0.0285877 0.0358961 0.0327621 -0.0088603 -0.0270121 0.0369794 0.0306831 0.0324048 -0.0282298 0.0327898 -0.0292272 0.0368684 0.0320120 -0.0232407 0.0107453 0.0078660 -0.0188528 -0.0210893 -0.0231979 -0.0217338 -0.0216896 -0.0190661 -0.0183612 0.0115043 0.0050709 0.0119437 0.0097082 0.0063141 0.0064282 0.0089681 0.0092147 0.0121544 0.0082024 0.0039515 0.0066320 0.0015966
-0.0279731 0.0006602 -0.0789290 -0.0204296 0.0018619 -0.0243610 -0.0675935 -0.0233653 -0.0794207 -0.0186226 0.0093050 -0.0802765 -0.0249000 0.0088956 -0.0750777 -0.0239193 0.0091456 -0.0778932 -0.0206355 0.0048662 -0.0807926 -0.0181324 -0.0051183 -0.0767100 -0.0050020 -0.0312927 0.0335940 0.9353972 -0.0260785 -0.0042346 0.0365575 0.0009039 -0.0021805 0.0317205 0.0337561 0.0401667 -0.0067553 -0.0301017 0.0331420 0.0436858 -0.0052406 -0.0295932 -0.0317243 0.0314699 0.0429780 -0.0078515 -0.0298274 0.0354789 0.0448105 0.0425003 -0.0291718 0.0440004 -0.0285048 0.0339156 0.0422687 -0.0238528 0.0117290 0.0108818 -0.0218527 -0.0217862 -0.0243059 -0.0202215 -0.0243553 -0.0194973 -0.0167085 0.0155134 0.0074004 0.0161399 0.0114977 0.0112415 0.0064022 0.0111833 0.0073089 0.0162113 0.0081447 0.0024483 0.0077257 0.0018924
0.0218651 -0.0090151 0.0415805 0.0028588 -0.0191678 0.0030249 0.0295994 0.0031447 0.0383807 0.0057016 -0.0164945 0.0420637 0.0015294 -0.0149643 0.0403845 0.0037919 -0.0127461 0.0436315 0.0039041 -0.0146841 0.0430124 0.0054924 -0.0117809 0.0412106 -0.0092330 0.0180428 -0.0276952 -0.0260785 0.9317951 -0.0121921 -0.0264055 -0.0090205 -0.0112643 -0.0297057 -0.0290244 -0.0281232 -0.0114867 0.0222819 -0.0284596 -0.0291062 -0.0117236 0.0212201 0.0197661 -0.0275521 -0.0285263 -0.0100147 0.0237894 -0.0271060 -0.0288254 -0.0296836 0.0229367 -0.0282338 0.0239858 -0.0283265 -0.0279267 -0.0021213 -0.0186298 -0.0213012 -0.0015984 -0.0022665 -0.0013485 -0.0013060 -0.0036208 0.0002746 0.0026198 -0.0180995 -0.0208247 -0.0166724 -0.0194064 -0.0174139 -0.0251016 -0.0192818 -0.0244947 -0.0161774 -0.0222576 -0.0260649 -0.0221564 -0.0224024
-0.0135756 -0.0039767 -0.0284774 -0.0122603 0.0007494 -0.0115337 -0.0220912 -0.0117822 -0.0287003 -0.0135290 -0.0028812 -0.0297047 -0.0120953 -0.0026320 -0.0284988 -0.0129739 -0.0057608 -0.0281474 -0.0137688 -0.0069824 -0.0286882 -0.0132638 0.0201100 -0.0291207 0.0238145 -0.0148151 -0.0020215 -0.0042346 -0.0121921 0.9246636 -0.0042800 0.0130277 0.0231052 -0.0043312 -0.0032378 -0.0056468 0.0267802 -0.0140518 -0.0034830 -0.0052055 0.0211449 -0.0135737 -0.0135441 -0.0025470 -0.0024765 0.0299245 -0.0131225 -0.0059836 -0.0030859 -0.0025349 -0.0134773 -0.0030445 -0.0136282 -0.0054668 -0.0074235 -0.0128923 -0.0050423 -0.0068880 -0.0146511 -0.0138874 -0.0138082 -0.0154795 -0.0140597 -0.0150191 -0.0175754 -0.0058815 -0.0120508 -0.0017135 -0.0075077 -0.0054293 -0.0051613 -0.0046941 -0.0050602 -0.0023418 -0.0041857 -0.0052409 -0.0042042 -0.0093019
-0.0272235 0.0027424 -0.0787012 -0.0228661 -0.0003489 -0.0250886 -0.0679126 -0.0234465 -0.0803462 -0.0214668 0.0099262 -0.0806441 -0.0243054 0.0099898 -0.0763132 -0.0247479 0.0082759 -0.0793440 -0.0215561 0.0074504 -0.0809527 -0.0193397 -0.0043819 -0.0766659 -0.0065481 -0.0325397 0.0392403 0.0365575 -0.0264055 -0.0042800 0.9319600 -0.0002719 -0.0034829 0.0386898 0.0408757 0.0349076 -0.0078411 -0.0299804 0.0428321 0.0359796 -0.0061472 -0.0294335 -0.0314056 0.0384763 0.0349363 -0.0094553 -0.0296778 0.0399990 0.0357712 0.0344692 -0.0290151 0.0365135 -0.0304777 0.0423845 0.0354333 -0.0243948 0.0123056 0.0109332 -0.0210903 -0.0230231 -0.0244920 -0.0212482 -0.0239986 -0.0175915 -0.0153864 0.0156459 0.0105440 0.0157773 0.0158135 0.0089244 0.0052707 0.0086781 0.0090153 0.0156079 0.0062687 0.0044305 0.0074383 0.0044028
-0.0118923 0.0044864 -0.0282031 -0.0124837 -0.0076439 -0.0122589 -0.0258777 -0.0146614 -0.0301958 -0.0100916 -0.0015775 -0.0284436 -0.0125084 0.0009715 -0.0269731 -0.0130180 0.0001311 -0.0274793 -0.0112082 0.0009908 -0.0299196 -0.0122781 0.0185876 -0.0285368 0.0129284 -0.0141242 -0.0004840 0.0009039 -0.0090205 0.0130277 -0.0002719 0.9009748 0.0075714 -0.0034843 -0.0024135 -0.0022991 0.0124286 -0.0113146 -0.0006566 -0.0007270 0.0107011 -0.0145889 -0.0153570 -0.0011308 -0.0019877 0.0136692 -0.0128236 -0.0002972 0.0002052 -0.0037642 -0.0117287 -0.0008715 -0.0131789 -0.0004007 -0.0005722 -0.0132141 -0.0040143 -0.0042152 -0.0136699 -0.0138041 -0.0174208 -0.0160630 -0.0175202 -0.0129293 -0.0136559 0.0010225 0.0002767 -0.0002647 -0.0004058 -0.0030627 -0.0057370 -0.0015852 -0.0043216 -0.0001242 -0.0055719 -0.0045743 -0.0031916 -0.0061157
-0.0118955 -0.0035529 -0.0261341 -0.0112016 -0.0052890 -0.0137252 -0.0219609 -0.0112762 -0.0264862 -0.0104086 -0.0039619 -0.0264097 -0.0140159 -0.0021168 -0.0240780 -0.0139481 -0.0037953 -0.0246471 -0.0110590 -0.0032038 -0.0258920 -0.0101629 0.0197700 -0.0244830 0.0329079 -0.0143208 -0.0038431 -0.0021805 -0.0112643 0.0231052 -0.0034829 0.0075714 0.9094899 -0.0070725 -0.0054837 -0.0046741 0.0306223 -0.0101917 -0.0062524 -0.0046098 0.0182550 -0.0112613 -0.0127947 -0.0046216 -0.0051589 0.0316947 -0.0110669 -0.0048347 -0.0046382 -0.0057569 -0.0113343 -0.0044274 -0.0109400 -0.0040077 -0.0047454 -0.0145349 -0.0072704 -0.0066374 -0.0153891 -0.0178597 -0.0139540 -0.0177071 -0.0182018 -0.0134492 -0.0152391 -0.0029432 -0.0094282 -0.0023082 -0.0080749 -0.0087908 -0.0071778 -0.0072167 -0.0075301 -0.0027352 -0.0077806 -0.0089861 -0.0044312 -0.0087307
-0.0293397 -0.0019670 -0.0748871 -0.0219639 0.0061479 -0.0220112 -0.0597170 -0.0235063 -0.0732558 -0.0230838 0.0036993 -0.0766862 -0.0205873 0.0023064 -0.0727969 -0.0225156 0.0007511 -0.0758498 -0.0219815 -0.0006128 -0.0739480 -0.0240247 -0.0061369 -0.0731261 -0.0071687 -0.0303133 0.0361985 0.0317205 -0.0297057 -0.0043312 0.0386898 -0.0034843 -0.0070725 0.9613270 0.0424746 0.0331285 -0.0074902 -0.0292650 0.0414682 0.0331982 -0.0079450 -0.0294624 -0.0286676 0.0399668 0.0340219 -0.0081728 -0.0278711 0.0377238 0.0309200 0.0339365 -0.0304331 0.0328230 -0.0317666 0.0408701 0.0297016 -0.0241836 0.0105339 0.0091481 -0.0229667 -0.0211597 -0.0216794 -0.0237257 -0.0225251 -0.0191482 -0.0220298 0.0099352 0.0025470 0.0126431 0.0048208 0.0090054 0.0055196 0.0073853 0.0049628 0.0120009 0.0069058 0.0039292 0.0031695 -0.0024459
-0.0289378 0.0002705 -0.0782963 -0.0220613 0.0040811 -0.0204718 -0.0601611 -0.0228817 -0.0753160 -0.0217539 0.0062050 -0.0807621 -0.0217123 0.0039360 -0.0774663 -0.0219266 0.0012661 -0.0784874 -0.0218649 -0.0007212 -0.0799465 -0.0214267 -0.0047785 -0.0763108 -0.0084792 -0.0301345 0.0391718 0.0337561 -0.0290244 -0.0032378 0.0408757 -0.0024135 -0.0054837 0.0424746 0.9498202 0.0337271 -0.0072162 -0.0308683 0.0422144 0.0350210 -0.0079912 -0.0293801 -0.0301921 0.0399244 0.0352737 -0.0097532 -0.0310216 0.0396303 0.0340373 0.0350050 -0.0310934 0.0354066 -0.0313087 0.0409049 0.0322851 -0.0245096 0.0092112 0.0076409 -0.0230483 -0.0231512 -0.0241076 -0.0230735 -0.0219676 -0.0218582 -0.0228962 0.0108489 0.0006334 0.0119120 0.0052502 0.0061912 0.0073147 0.0082151 0.0075453 0.0120334 0.0098777 0.0051379 0.0054865 -0.0002473
-0.0299760 -0.0002614 -0.0749089 -0.0223270 0.0019480 -0.0225024 -0.0622425 -0.0238716 -0.0761024 -0.0222021 0.0050250 -0.0770897 -0.0239105 0.0040587 -0.0728345 -0.0251115 0.0038602 -0.0761534 -0.0224851 0.0010637 -0.0772296 -0.0222340 -0.0067625 -0.0736718 -0.0068975 -0.0313276 0.0315370 0.0401667 -0.0281232 -0.0056468 0.0349076 -0.0022991 -0.0046741 0.0331285 0.0337271 0.9386174 -0.0081877 -0.0324614 0.0360207 0.0440633 -0.0073223 -0.0290421 -0.0313317 0.0306574 0.0456564 -0.0085664 -0.0310390 0.0337287 0.0419816 0.0418627 -0.0301902 0.0428956 -0.0311991 0.0339688 0.0447314 -0.0245088 0.0110608 0.0073282 -0.0238737 -0.0240792 -0.0255273 -0.0236562 -0.0255558 -0.0211265 -0.0230163 0.0098262 0.0006932 0.0146772 0.0070291 0.0076282 0.0037390 0.0080045 0.0050658 0.0135474 0.0079621 0.0026145 0.0027742 -0.0015921
-0.0111386 -0.0059681 -0.0219512 -0.0124347 -0.0040771 -0.0114688 -0.0179128 -0.0101173 -0.0234240 -0.0112512 -0.0057880 -0.0232688 -0.0135805 -0.0054943 -0.0222970 -0.0119821 -0.0056179 -0.0213622 -0.0128001 -0.0069428 -0.0226536 -0.0126533 0.0315983 -0.0222836 0.0209798 -0.0145647 -0.0045799 -0.0067553 -0.0114867 0.0267802 -0.0078411 0.0124286 0.0306223 -0.0074902 -0.0072162 -0.0081877 0.9212050 -0.0099795 -0.0105306 -0.0070485 0.0262934 -0.0106274 -0.0112472 -0.0064522 -0.0091590 0.0374446 -0.0109894 -0.0074261 -0.0086075 -0.0067216 -0.0116289 -0.0067534 -0.0120306 -0.0069642 -0.0093041 -0.0147461 -0.0083533 -0.0075689 -0.0164994 -0.0165325 -0.0142732 -0.0162311 -0.0167690 -0.0141208 -0.0198454 -0.0067743 -0.0131285 -0.0052818 -0.0128103 -0.0100879 -0.0098513 -0.0072409 -0.0083047 -0.0053829 -0.0082303 -0.0073086 -0.0056277 -0.0124343
0.0197764 -0.0127685 0.0407858 0.0048386 -0.0164878 0.0038212 0.0341351 0.0037790 0.0409593 0.0039957 -0.0205140 0.0405030 0.0036670 -0.0187935 0.0399171 0.0052554 -0.0192872 0.0422945 0.0032355 -0.0182852 0.0425454 0.0013808 -0.0146757 0.0384139 -0.0089594 0.0210022 -0.0276062 -0.0301017 0.0222819 -0.0140518 -0.0299804 -0.0113146 -0.0101917 -0.0292650 -0.0308683 -0.0324614 -0.0099795 0.9382965 -0.0312322 -0.0309239 -0.0107723 0.0217455 0.0263216 -0.0280357 -0.0312930 -0.0096957 0.0262038 -0.0282384 -0.0306022 -0.0303779 0.0218421 -0.0312494 0.0255226 -0.0297047 -0.0295217 -0.0025550 -0.0208826 -0.0201598 -0.0029780 -0.0007476 0.0015867 -0.0012873 -0.0001000 -0.0014972 -0.0014838 -0.0225466 -0.0248500 -0.0182577 -0.0261533 -0.0200465 -0.0250149 -0.0195125 -0.0271160 -0.0191265 -0.0221941 -0.0254264 -0.0230776 -0.0271042
-0.0304855 -0.0007839 -0.0770552 -0.0209474 0.0021642 -0.0228950 -0.0609706 -0.0213345 -0.0758690 -0.0205835 0.0061521 -0.0785753 -0.0214838 0.0051080 -0.0757946 -0.0214045 0.0051990 -0.0772616 -0.0217031 0.0013330 -0.0779884 -0.0235288 -0.0065531 -0.0740644 -0.0068145 -0.0315221 0.0392776 0.0331420 -0.0284596 -0.0034830 0.0428321 -0.0006566 -0.0062524 0.0414682 0.0422144 0.0360207 -0.0105306 -0.0312322 0.9423606 0.0358722 -0.0079611 -0.0301373 -0.0316619 0.0404482 0.0327474 -0.0076669 -0.0313077 0.0393980 0.0339223 0.0354598 -0.0330943 0.0337737 -0.0338942 0.0397367 0.0339162 -0.0246138 0.0109573 0.0096564 -0.0240440 -0.0220260 -0.0233157 -0.0242460 -0.0247187 -0.0218001 -0.0216211 0.0105573 0.0015523 0.0130127 0.0048522 0.0077136 0.0048115 0.0082446 0.0045244 0.0123528 0.0085113 0.0030954 0.0053816 0.0018878
-0.0294328 0.0005618 -0.0781863 -0.0216406 0.0023764 -0.0260074 -0.0638032 -0.0233984 -0.0781560 -0.0221982 0.0062702 -0.0801198 -0.0233272 0.0051374 -0.0780288 -0.0224589 0.0042111 -0.0797122 -0.0231601 0.0016459 -0.0805873 -0.0235866 -0.0057189 -0.0769166 -0.0050582 -0.0322946 0.0334237 0.0436858 -0.0291062 -0.0052055 0.0359796 -0.0007270 -0.0046098 0.0331982 0.0350210 0.0440633 -0.0070485 -0.0309239 0.0358722 0.9384872 -0.0058186 -0.0285912 -0.0323355 0.0311616 0.0442871 -0.0091662 -0.0295971 0.0330355 0.0447353 0.0457125 -0.0323043 0.0445053 -0.0326103 0.0344817 0.0434010 -0.0245167 0.0106711 0.0100674 -0.0219910 -0.0225683 -0.0242264 -0.0224964 -0.0244965 -0.0196724 -0.0218987 0.0127624 0.0044701 0.0146375 0.0073318 0.0100782 0.0065277 0.0099774 0.0064052 0.0145003 0.0094938 0.0044126 0.0050627 -0.0038062
-0.0124490 -0.0043847 -0.0252515 -0.0120727 -0.0043732 -0.0113455 -0.0192053 -0.0138698 -0.0221972 -0.0117137 -0.0070146 -0.0247362 -0.0125063 -0.0054032 -0.0233589 -0.0104816 -0.0087902 -0.0212297 -0.0123095 -0.0066935 -0.0230803 -0.0132970 0.0281486 -0.0239344 0.0183278 -0.0140084 -0.0055218 -0.0052406 -0.0117236 0.0211449 -0.0061472 0.0107011 0.0182550 -0.0079450 -0.0079912 -0.0073223 0.0262934 -0.0107723 -0.0079611 -0.0058186 0.9157612 -0.0116793 -0.0122550 -0.0047263 -0.0073418 0.0242119 -0.0119244 -0.0050301 -0.0066059 -0.0080971 -0.0123078 -0.0072979 -0.0101211 -0.0067431 -0.0086959 -0.0165837 -0.0065076 -0.0064275 -0.0164306 -0.0143719 -0.0138143 -0.0173741 -0.0146982 -0.0146813 -0.0179415 -0.0063042 -0.0131887 -0.0024985 -0.0064870 -0.0072409 -0.0070130 -0.0059193 -0.0080301 -0.0030161 -0.0077231 -0.0069550 -0.0041169 -0.0135085
0.0184514 -0.0131245 0.0309716 0.0029882 -0.0172134 0.0053675 0.0280146 0.0029263 0.0321310 0.0023670 -0.0201543 0.0330802 0.0045150 -0.0177498 0.0315914 0.0039345 -0.0192300 0.0336884 -0.0001622 -0.0201979 0.0341809 0.0001025 -0.0151975 0.0311909 -0.0111934 0.0275325 -0.0266128 -0.0295932 0.0212201 -0.0135737 -0.0294335 -0.0145889 -0.0112613 -0.0294624 -0.0293801 -0.0290421 -0.0106274 0.0217455 -0.0301373 -0.0285912 -0.0116793 0.9311674 0.0252761 -0.0285237 -0.0288182 -0.0114864 0.0210588 -0.0274669 -0.0291633 -0.0294108 0.0195906 -0.0295728 0.0266100 -0.0299863 -0.0285592 -0.0028629 -0.0192919 -0.0192746 -0.0055551 -0.0040599 -0.0011127 -0.0039071 -0.0034635 -0.0040777 -0.0070057 -0.0236649 -0.0287676 -0.0181673 -0.0264780 -0.0182331 -0.0239968 -0.0181552 -0.0256604 -0.0187951 -0.0200196 -0.0245458 -0.0223121 -0.0249131
0.0239853 -0.0124973 0.0388084 0.0038174 -0.0172346 0.0055965 0.0326761 0.0039777 0.0385994 0.0045761 -0.0205005 0.0403305 0.0038516 -0.0193806 0.0381299 0.0063136 -0.0209237 0.0398170 0.0032794 -0.0194287 0.0424770 0.0019631 -0.0135068 0.0396600 -0.0110085 0.0251490 -0.0285877 -0.0317243 0.0197661 -0.0135441 -0.0314056 -0.0153570 -0.0127947 -0.0286676 -0.0301921 -0.0313317 -0.0112472 0.0263216 -0.0316619 -0.0323355 -0.0122550 0.0252761 0.9353886 -0.0279685 -0.0305433 -0.0111857 0.0237444 -0.0304046 -0.0297629 -0.0327051 0.0230527 -0.0309391 0.0250784 -0.0297623 -0.0294778 -0.0017270 -0.0222272 -0.0210183 -0.0033425 -0.0017326 -0.0013590 -0.0042787 -0.0024765 -0.0039275 -0.0056872 -0.0237183 -0.0270384 -0.0193320 -0.0283150 -0.0181454 -0.0255875 -0.0213130 -0.0278090 -0.0182171 -0.0206554 -0.0263239 -0.0237278 -0.0249046
-0.0277855 -0.0007421 -0.0741647 -0.0186035 0.0049692 -0.0217587 -0.0600119 -0.0216487 -0.0711924 -0.0211161 0.0051543 -0.0762254 -0.0203758 0.0052557 -0.0724372 -0.0209020 0.0006984 -0.0734209 -0.0200920 0.0006927 -0.0741328 -0.0206361 -0.0046271 -0.0724153 -0.0054095 -0.0304884 0.0358961 0.0314699 -0.0275521 -0.0025470 0.0384763 -0.0011308 -0.0046216 0.0399668 0.0399244 0.0306574 -0.0064522 -0.0280357 0.0404482 0.0311616 -0.0047263 -0.0285237 -0.0279685 0.9552540 0.0336143 -0.0083359 -0.0286941 0.0359391 0.0321529 0.0334646 -0.0303004 0.0322773 -0.0302181 0.0393412 0.0308654 -0.0213467 0.0090758 0.0088728 -0.0218040 -0.0205010 -0.0206350 -0.0216820 -0.0227804 -0.0182514 -0.0215095 0.0099927 0.0010900 0.0130477 0.0065996 0.0071192 0.0085539 0.0087833 0.0078478 0.0130772 0.0105747 0.0044219 0.0058585 -0.0003792
-0.0289222 0.0022936 -0.0775258 -0.0217595 0.0009982 -0.0248134 -0.0626601 -0.0235361 -0.0757226 -0.0230754 0.0066250 -0.0773934 -0.0240078 0.0062443 -0.0747694 -0.0230464 0.0029913 -0.0778744 -0.0223618 -0.0011341 -0.0771686 -0.0239979 -0.0049130 -0.0747810 -0.0051965 -0.0326189 0.0327621 0.0429780 -0.0285263 -0.0024765 0.0349363 -0.0019877 -0.0051589 0.0340219 0.0352737 0.0456564 -0.0091590 -0.0312930 0.0327474 0.0442871 -0.0073418 -0.0288182 -0.0305433 0.0336143 0.9427445 -0.0094538 -0.0291142 0.0329656 0.0428608 0.0446191 -0.0303596 0.0441431 -0.0316736 0.0333015 0.0453489 -0.0258550 0.0113630 0.0084057 -0.0240773 -0.0217713 -0.0236845 -0.0244826 -0.0254561 -0.0204079 -0.0231744 0.0099126 0.0006953 0.0149591 0.0046837 0.0084417 0.0058902 0.0085155 0.0073740 0.0138194 0.0092132 0.0022254 0.0056534 -0.0015291
-0.0119172 -0.0093889 -0.0215197 -0.0127704 -0.0068615 -0.0144495 -0.0183760 -0.0124871 -0.0222385 -0.0114322 -0.0078750 -0.0217164 -0.0125254 -0.0058344 -0.0216738 -0.0098632 -0.0085654 -0.0209690 -0.0116939 -0.0089119 -0.0222692 -0.0145750 0.0365363 -0.0214106 0.0307757 -0.0143388 -0.0088603 -0.0078515 -0.0100147 0.0299245 -0.0094553 0.0136692 0.0316947 -0.0081728 -0.0097532 -0.0085664 0.0374446 -0.0096957 -0.0076669 -0.0091662 0.0242119 -0.0114864 -0.0111857 -0.0083359 -0.0094538 0.9163338 -0.0100012 -0.0084164 -0.0081681 -0.0098486 -0.0107952 -0.0083639 -0.0113404 -0.0087632 -0.0111962 -0.0156347 -0.0105523 -0.0096402 -0.0170159 -0.0143124 -0.0122644 -0.0162974 -0.0152735 -0.0135738 -0.0173305 -0.0070614 -0.0112107 -0.0042709 -0.0122997 -0.0084898 -0.0107518 -0.0094260 -0.0118610 -0.0063815 -0.0100632 -0.0107537 -0.0050699 -0.0108558
0.0207724 -0.0121877 0.0371332 0.0010976 -0.0191646 0.0019869 0.0287260 0.0033637 0.0349214 0.0047233 -0.0201452 0.0378554 0.0010243 -0.0187763 0.0362309 0.0040854 -0.0171681 0.0366060 0.0021259 -0.0171523 0.0369196 0.0028384 -0.0137372 0.0355719 -0.0102472 0.0223034 -0.0270121 -0.0298274 0.0237894 -0.0131225 -0.0296778 -0.0128236 -0.0110669 -0.0278711 -0.0310216 -0.0310390 -0.0109894 0.0262038 -0.0313077 -0.0295971 -0.0119244 0.0210588 0.0237444 -0.0286941 -0.0291142 -0.0100012 0.9292688 -0.0296540 -0.0303857 -0.0286401 0.0224835 -0.0310524 0.0266069 -0.0278846 -0.0289961 -0.0049002 -0.0209933 -0.0197265 -0.0045077 -0.0038831 -0.0030268 -0.0040170 -0.0044014 -0.0018306 -0.0037746 -0.0223511 -0.0267115 -0.0172518 -0.0236197 -0.0190883 -0.0251613 -0.0205668 -0.0252742 -0.0188393 -0.0213936 -0.0254416 -0.0239121 -0.0245005
-0.0280771 -0.0004552 -0.0713935 -0.0218931 -0.0005610 -0.0236053 -0.0626093 -0.0222316 -0.0734845 -0.0196794 0.0055024 -0.0753801 -0.0238066 0.0067368 -0.0695584 -0.0228248 0.0054766 -0.0728908 -0.0200547 0.0026796 -0.0739911 -0.0201976 -0.0073273 -0.0713835 -0.0063486 -0.0303083 0.0369794 0.0354789 -0.0271060 -0.0059836 0.0399990 -0.0002972 -0.0048347 0.0377238 0.0396303 0.0337287 -0.0074261 -0.0282384 0.0393980 0.0330355 -0.0050301 -0.0274669 -0.0304046 0.0359391 0.0329656 -0.0084164 -0.0296540 0.9297596 0.0331731 0.0321342 -0.0289536 0.0344489 -0.0291687 0.0419657 0.0335899 -0.0238069 0.0082513 0.0065235 -0.0217700 -0.0210948 -0.0236563 -0.0226423 -0.0219286 -0.0185306 -0.0172005 0.0119205 0.0022815 0.0123294 0.0079038 0.0068747 0.0025915 0.0067310 0.0052537 0.0126778 0.0072417 0.0005146 0.0035126 -0.0012857
