0.9358881 -0.0101704 0.0349345 0.0018596 -0.0169949 0.0047949 0.0291408 0.0038782 0.0334368 0.0033726 -0.0176802 0.0349827 0.0017383 -0.0163518 0.0347315 0.0045544 -0.0175385 0.0363632 0.0035714 -0.0147038 0.0368166 0.0019770 -0.0133231 0.0346372 -0.0111002 0.0173646 -0.0264712 -0.0273815 0.0222087 -0.0136540 -0.0267420 -0.0119384 -0.0120502 -0.0291011 -0.0285828 -0.0294932 -0.0116449 0.0201350 -0.0298891 -0.0288148 -0.0128916 0.0187995 0.0248210 -0.0272979 -0.0285303 -0.0122573 0.0212399 -0.0277140 -0.0276692 -0.0291815 0.0224125 -0.0283731 0.0237329 -0.0282118 -0.0269887 -0.0020075 -0.0204717 -0.0195055 -0.0031278 -0.0044452 -0.0022045 -0.0034979 -0.0052811 -0.0014005 -0.0028251 -0.0199411 -0.0236484 -0.0173297 -0.0216987 -0.0194689 -0.0234600 -0.0186611 -0.0234391 -0.0170690 -0.0213480 -0.0233696 -0.0222850 -0.0235140
-0.0101704 0.9232351 -0.0266065 -0.0130932 -0.0027231 -0.0104822 -0.0231651 -0.0103311 -0.0261344 -0.0092730 0.0004342 -0.0274233 -0.0108983 0.0017922 -0.0258927 -0.0106510 -0.0005533 -0.0256102 -0.0111285 -0.0007319 -0.0273763 -0.0101728 -0.0047294 -0.0252702 -0.0042745 -0.0120211 -0.0003246 0.0001432 -0.0088911 -0.0038897 0.0020553 0.0051385 -0.0031253 -0.0022396 -0.0002131 -0.0006908 -0.0058053 -0.0126596 -0.0011165 0.0002213 -0.0045553 -0.0126619 -0.0122557 -0.0008997 0.0018010 -0.0093350 -0.0119907 -0.0005847 0.0003015 -0.0017132 -0.0121831 0.0008969 -0.0139454 -0.0017480 -0.0002757 -0.0150555 -0.0033790 -0.0044081 -0.0159931 -0.0145095 -0.0157120 -0.0134310 -0.0147241 -0.0124297 -0.0141182 -0.0005093 -0.0038504 -0.0004827 -0.0042545 -0.0047422 -0.0048223 -0.0031713 -0.0054394 -0.0014454 -0.0037715 -0.0060005 -0.0045208 -0.0041660
0.0349345 -0.0266065 1.0357420 0.0156845 -0.0399794 0.0177203 0.1474265 0.0173192 0.2005615 0.0165769 -0.0456544 0.2095224 0.0118238 -0.0455738 0.1954196 0.0124406 -0.0444526 0.1981006 0.0123458 -0.0423079 0.1985610 0.0112295 -0.0285009 0.1924993 -0.0237823 0.0322331 -0.0716063 -0.0764102 0.0406421 -0.0291394 -0.0762053 -0.0285434 -0.0269050 -0.0731260 -0.0760144 -0.0728699 -0.0228799 0.0397727 -0.0749308 -0.0758106 -0.0261535 0.0298603 0.0380345 -0.0721063 -0.0751786 -0.0226128 0.0362719 -0.0694958 -0.0742517 -0.0754769 0.0438720 -0.0743323 0.0375377 -0.0728092 -0.0712464 0.0065807 -0.0510070 -0.0500601 0.0047694 0.0070953 0.0107367 0.0036427 0.0051548 0.0057594 0.0020867 -0.0557762 -0.0582796 -0.0496783 -0.0616165 -0.0432260 -0.0573961 -0.0472714 -0.0579356 -0.0491018 -0.0487502 -0.0543371 -0.0534011 -0.0526492
0.0018596 -0.0130932 0.0156845 0.9372883 -0.0125743 0.0157924 0.0126024 0.0135067 0.0152332 0.0132379 -0.0142034 0.0142069 0.0201605 -0.0163022 0.0158245 0.0159533 -0.0176476 0.0150571 0.0165228 -0.0160518 0.0162737 0.0178824 -0.0130111 0.0150202 -0.0125612 0.0050297 -0.0200317 -0.0199413 0.0027495 -0.0124551 -0.0227043 -0.0124516 -0.0115310 -0.0212022 -0.0217963 -0.0220143 -0.0128015 0.0046109 -0.0209474 -0.0213007 -0.0125829 0.0025545 0.0032866 -0.0179514 -0.0212013 -0.0132194 0.0007904 -0.0215227 -0.0200484 -0.0228274 0.0035411 -0.0215297 0.0038967 -0.0194924 -0.0228685 -0.0063398 -0.0139645 -0.0142654 -0.0033206 -0.0030333 -0.0039997 -0.0073374 -0.0067505 -0.0041708 -0.0056562 -0.0175398 -0.0239609 -0.0140264 -0.0213879 -0.0154663 -0.0175962 -0.0131209 -0.0213877 -0.0137364 -0.0154734 -0.0206772 -0.0185837 -0.0219721
-0.0169949 -0.0027231 -0.0399794 -0.0125743 0.9607805 -0.0094078 -0.0238416 -0.0115460 -0.0350705 -0.0129671 0.0101933 -0.0406505 -0.0073742 0.0098753 -0.0393106 -0.0110830 0.0120372 -0.0390595 -0.0133217 0.0128783 -0.0373406 -0.0179053 -0.0021606 -0.0391435 -0.0055441 -0.0147903 0.0025408 0.0017574 -0.0186789 0.0004698 -0.0004501 -0.0071698 -0.0048591 0.0057431 0.0035161 0.0015969 -0.0040278 -0.0166610 0.0019051 0.0021913 -0.0044248 -0.0169535 -0.0170626 0.0046416 0.0007682 -0.0067934 -0.0189280 -0.0005306 0.0016010 0.0021696 -0.0159825 0.0011177 -0.0186733 0.0006398 -0.0004534 -0.0115674 -0.0021160 -0.0008752 -0.0138185 -0.0097401 -0.0098184 -0.0138024 -0.0104724 -0.0134385 -0.0189616 0.0028963 0.0008312 0.0008333 -0.0000854 -0.0014170 0.0078937 -0.0003696 0.0059300 -0.0000051 0.0004515 0.0073882 0.0030400 0.0034390
0.0047949 -0.0104822 0.0177203 0.0157924 -0.0094078 0.9486606 0.0186120 0.0250795 0.0185809 0.0201030 -0.0179474 0.0176383 0.0191387 -0.0167829 0.0171029 0.0184833 -0.0184539 0.0179344 0.0152428 -0.0166342 0.0197104 0.0139411 -0.0132944 0.0158566 -0.0128843 0.0038297 -0.0206239 -0.0236890 0.0027703 -0.0117593 -0.0244667 -0.0122391 -0.0139375 -0.0218537 -0.0203431 -0.0224196 -0.0117878 0.0032111 -0.0224042 -0.0254499 -0.0117900 0.0047918 0.0049408 -0.0214615 -0.0242171 -0.0146465 0.0016109 -0.0231267 -0.0238870 -0.0216718 0.0046750 -0.0243087 0.0026829 -0.0233941 -0.0252097 -0.0011570 -0.0159156 -0.0179948 -0.0041297 -0.0030516 -0.0022635 -0.0066787 -0.0053264 -0.0032101 -0.0118203 -0.0205551 -0.0294288 -0.0149712 -0.0254909 -0.0159685 -0.0188873 -0.0147736 -0.0216030 -0.0150874 -0.0155084 -0.0177160 -0.0182276 -0.0234804
0.0291408 -0.0231651 0.1474265 0.0126024 -0.0238416 0.0186120 1.0250289 0.0152874 0.1431102 0.0103173 -0.0408893 0.1495062 0.0172401 -0.0425048 0.1387879 0.0168529 -0.0430539 0.1472127 0.0111018 -0.0407226 0.1471375 0.0085351 -0.0243968 0.1389907 -0.0214365 0.0314868 -0.0576411 -0.0653865 0.0291716 -0.0225630 -0.0657678 -0.0257347 -0.0223811 -0.0586074 -0.0588573 -0.0606500 -0.0185170 0.0332823 -0.0596496 -0.0621892 -0.0200565 0.0276204 0.0320865 -0.0586187 -0.0609818 -0.0189726 0.0284274 -0.0608257 -0.0633087 -0.0597545 0.0358146 -0.0623675 0.0307909 -0.0620089 -0.0629051 0.0074384 -0.0409606 -0.0395162 0.0014427 0.0078857 0.0093406 0.0016092 0.0066444 0.0028282 -0.0045465 -0.0521580 -0.0567905 -0.0399255 -0.0556665 -0.0366098 -0.0428575 -0.0375794 -0.0510675 -0.0417031 -0.0382452 -0.0425622 -0.0454956 -0.0487162
0.0038782 -0.0103311 0.0173192 0.0135067 -0.0115460 0.0250795 0.0152874 0.9423216 0.0162134 0.0184283 -0.0151977 0.0176195 0.0180382 -0.0157195 0.0169557 0.0160115 -0.0168442 0.0171456 0.0186623 -0.0147879 0.0183673 0.0167240 -0.0129761 0.0167965 -0.0122149 0.0036700 -0.0205008 -0.0227487 0.0028784 -0.0119343 -0.0229965 -0.0142317 -0.0115036 -0.0232280 -0.0224385 -0.0234913 -0.0105537 0.0034534 -0.0211111 -0.0230806 -0.0141530 0.0026100 0.0034156 -0.0212942 -0.0233036 -0.0125813 0.0028391 -0.0218121 -0.0234668 -0.0214735 0.0067918 -0.0227275 0.0017665 -0.0246988 -0.0234631 -0.0040220 -0.0165361 -0.0166616 -0.0051842 -0.0038330 -0.0035792 -0.0059641 -0.0039346 -0.0047128 -0.0069876 -0.0183225 -0.0242786 -0.0130842 -0.0234912 -0.0166675 -0.0188904 -0.0160193 -0.0210894 -0.0136586 -0.0170336 -0.0216391 -0.0181562 -0.0216575
0.0334368 -0.0261344 0.2005615 0.0152332 -0.0350705 0.0185809 0.1431102 0.0162134 1.0423253 0.0158895 -0.0476279 0.2133251 0.0163750 -0.0483531 0.1955671 0.0158566 -0.0476237 0.1947587 0.0118885 -0.0449091 0.2041012 0.0098016 -0.0301334 0.1942414 -0.0242372 0.0335656 -0.0708316 -0.0767634 0.0375860 -0.0293789 -0.0776305 -0.0304267 -0.0271246 -0.0715216 -0.0731223 -0.0739122 -0.0241912 0.0398750 -0.0736918 -0.0757158 -0.0234611 0.0309424 0.0374058 -0.0692921 -0.0734838 -0.0230082 0.0341112 -0.0713659 -0.0760117 -0.0744861 0.0419363 -0.0765925 0.0369333 -0.0747655 -0.0728207 0.0072607 -0.0489964 -0.0489718 0.0035658 0.0080357 0.0121646 0.0020647 0.0050267 0.0038416 -0.0035019 -0.0602457 -0.0615917 -0.0508901 -0.0644704 -0.0442162 -0.0540081 -0.0463262 -0.0596765 -0.0517324 -0.0475984 -0.0540813 -0.0527479 -0.0545668
0.0033726 -0.0092730 0.0165769 0.0132379 -0.0129671 0.0201030 0.0103173 0.0184283 0.0158895 0.9264398 -0.0127719 0.0163013 0.0161880 -0.0116729 0.0176780 0.0176196 -0.0120605 0.0170410 0.0166103 -0.0093629 0.0171497 0.0182777 -0.0111433 0.0162211 -0.0100417 0.0037899 -0.0200828 -0.0182463 0.0054416 -0.0134663 -0.0209842 -0.0099878 -0.0106549 -0.0226333 -0.0212660 -0.0219599 -0.0114532 0.0035610 -0.0200562 -0.0218438 -0.0120228 0.0019457 0.0040615 -0.0205830 -0.0224809 -0.0116601 0.0044085 -0.0194172 -0.0201353 -0.0214109 0.0057667 -0.0213365 0.0051823 -0.0202031 -0.0199485 -0.0049224 -0.0162363 -0.0152399 -0.0048227 -0.0064175 -0.0046896 -0.0063048 -0.0071197 -0.0042959 -0.0031884 -0.0141846 -0.0189698 -0.0110117 -0.0177220 -0.0144582 -0.0193289 -0.0136378 -0.0216140 -0.0125120 -0.0162347 -0.0208677 -0.0186363 -0.0197544
-0.0176802 0.0004342 -0.0456544 -0.0142034 0.0101933 -0.0179474 -0.0408893 -0.0151977 -0.0476279 -0.0127719 0.9116422 -0.0481134 -0.0195886 0.0209730 -0.0435004 -0.0159884 0.0224522 -0.0449591 -0.0132074 0.0233318 -0.0471709 -0.0142055 -0.0050052 -0.0430559 -0.0040625 -0.0232197 0.0063280 0.0084538 -0.0163400 -0.0029894 0.0091819 -0.0016811 -0.0041224 0.0031761 0.0053570 0.0044140 -0.0057434 -0.0202945 0.0053215 0.0056067 -0.0073546 -0.0197301 -0.0202299 0.0047785 0.0058150 -0.0077154 -0.0199888 0.0048555 0.0057666 0.0042488 -0.0190245 0.0060950 -0.0184780 0.0059283 0.0050558 -0.0160005 0.0024005 -0.0000887 -0.0133017 -0.0163745 -0.0159446 -0.0115763 -0.0157627 -0.0112282 -0.0072075 0.0139524 0.0154938 0.0038137 0.0146717 0.0000011 0.0073958 -0.0000093 0.0102162 0.0038009 -0.0041363 0.0059792 0.0085481 0.0094670
0.0349827 -0.0274233 0.2095224 0.0142069 -0.0406505 0.0176383 0.1495062 0.0176195 0.2133251 0.0163013 -0.0481134 1.0350642 0.0142068 -0.0460301 0.2009380 0.0145829 -0.0443342 0.2088552 0.0132565 -0.0425923 0.2102869 0.0120810 -0.0291782 0.2016163 -0.0234297 0.0333769 -0.0721684 -0.0774667 0.0410582 -0.0302571 -0.0778553 -0.0288059 -0.0270137 -0.0747021 -0.0782039 -0.0746544 -0.0240506 0.0393614 -0.0761577 -0.0775469 -0.0256633 0.0320183 0.0392128 -0.0737795 -0.0748936 -0.0228761 0.0369682 -0.0732063 -0.0775547 -0.0778821 0.0443419 -0.0759219 0.0389390 -0.0748114 -0.0725782 0.0060057 -0.0522825 -0.0510674 0.0060439 0.0065909 0.0100715 0.0040442 0.0048421 0.0074469 0.0005405 -0.0580880 -0.0590987 -0.0513764 -0.0621279 -0.0440912 -0.0591745 -0.0488751 -0.0602775 -0.0513348 -0.0499379 -0.0566092 -0.0552186 -0.0562673
0.0017383 -0.0108983 0.0118238 0.0201605 -0.0073742 0.0191387 0.0172401 0.0180382 0.0163750 0.0161880 -0.0195886 0.0142068 0.9549020 -0.0184543 0.0131913 0.0225279 -0.0198499 0.0150781 0.0207107 -0.0200170 0.0151130 0.0155454 -0.0148955 0.0129888 -0.0116336 0.0038252 -0.0195963 -0.0242500 0.0013233 -0.0125108 -0.0236515 -0.0125791 -0.0141328 -0.0207029 -0.0218074 -0.0237597 -0.0137950 0.0033658 -0.0213040 -0.0231702 -0.0128131 0.0040024 0.0032667 -0.0202541 -0.0237975 -0.0130845 0.0010420 -0.0235079 -0.0242988 -0.0221144 0.0024706 -0.0240522 0.0011350 -0.0240153 -0.0250707 -0.0056693 -0.0163173 -0.0155662 -0.0092035 -0.0048896 -0.0048834 -0.0079529 -0.0065140 -0.0057599 -0.0138208 -0.0222250 -0.0274078 -0.0138521 -0.0289088 -0.0144386 -0.0168312 -0.0144033 -0.0214276 -0.0145947 -0.0123786 -0.0189204 -0.0192446 -0.0233201
-0.0163518 0.0017922 -0.0455738 -0.0163022 0.0098753 -0.0167829 -0.0425048 -0.0157195 -0.0483531 -0.0116729 0.0209730 -0.0460301 -0.0184543 0.9096823 -0.0419460 -0.0172836 0.0244208 -0.0438894 -0.0121904 0.0245384 -0.0465546 -0.0125245 -0.0024680 -0.0416546 -0.0042565 -0.0215234 0.0052145 0.0083234 -0.0150516 -0.0026220 0.0092820 0.0007272 -0.0022769 0.0022808 0.0036000 0.0036166 -0.0053337 -0.0185628 0.0045482 0.0046473 -0.0055935 -0.0174776 -0.0191752 0.0047000 0.0056557 -0.0058644 -0.0188156 0.0061770 0.0070001 0.0035518 -0.0172778 0.0070245 -0.0190056 0.0053327 0.0049169 -0.0173818 0.0014739 0.0011015 -0.0131261 -0.0177954 -0.0153969 -0.0115117 -0.0181234 -0.0123438 -0.0085106 0.0154283 0.0181925 0.0061465 0.0188410 0.0014448 0.0081160 0.0009535 0.0110318 0.0051756 -0.0029459 0.0078742 0.0085511 0.0103057
0.0347315 -0.0258927 0.1954196 0.0158245 -0.0393106 0.0171029 0.1387879 0.0169557 0.1955671 0.0176780 -0.0435004 0.2009380 0.0131913 -0.0419460 1.0197818 0.0146573 -0.0393140 0.1904388 0.0152856 -0.0385912 0.1973322 0.0140170 -0.0283730 0.1909564 -0.0230338 0.0308855 -0.0708531 -0.0726089 0.0394707 -0.0289128 -0.0736788 -0.0270542 -0.0247524 -0.0708694 -0.0749637 -0.0707704 -0.0230926 0.0388425 -0.0733780 -0.0754464 -0.0243319 0.0308079 0.0371066 -0.0701833 -0.0724290 -0.0225799 0.0353251 -0.0675960 -0.0721476 -0.0731932 0.0420453 -0.0722482 0.0377522 -0.0715348 -0.0696270 0.0076983 -0.0482613 -0.0488165 0.0046368 0.0074245 0.0084166 0.0052197 0.0057573 0.0067316 0.0040623 -0.0536881 -0.0541428 -0.0472234 -0.0562073 -0.0424904 -0.0556568 -0.0471322 -0.0575853 -0.0472618 -0.0489573 -0.0551391 -0.0513884 -0.0511786
0.0045544 -0.0106510 0.0124406 0.0159533 -0.0110830 0.0184833 0.0168529 0.0160115 0.0158566 0.0176196 -0.0159884 0.0145829 0.0225279 -0.0172836 0.0146573 0.9424599 -0.0173961 0.0151859 0.0154056 -0.0180826 0.0148898 0.0208623 -0.0134489 0.0148950 -0.0127193 0.0009195 -0.0201726 -0.0233158 0.0036502 -0.0129304 -0.0242616 -0.0128288 -0.0141039 -0.0223322 -0.0216312 -0.0246370 -0.0124251 0.0046973 -0.0210928 -0.0221846 -0.0109400 0.0034823 0.0057722 -0.0205189 -0.0228304 -0.0102866 0.0036309 -0.0225088 -0.0239095 -0.0230614 0.0041779 -0.0231391 0.0024515 -0.0228229 -0.0239195 -0.0039384 -0.0167921 -0.0166821 -0.0064798 -0.0051139 -0.0046626 -0.0067452 -0.0055150 -0.0065711 -0.0113650 -0.0179269 -0.0252192 -0.0137681 -0.0249776 -0.0156907 -0.0189436 -0.0146762 -0.0202026 -0.0146814 -0.0161119 -0.0198775 -0.0195119 -0.0237996
-0.0175385 -0.0005533 -0.0444526 -0.0176476 0.0120372 -0.0184539 -0.0430539 -0.0168442 -0.0476237 -0.0120605 0.0224522 -0.0443342 -0.0198499 0.0244208 -0.0393140 -0.0173961 0.9014528 -0.0435848 -0.0141991 0.0268956 -0.0445926 -0.0126472 -0.0042595 -0.0423186 -0.0054449 -0.0242749 0.0034213 0.0084085 -0.0128203 -0.0055829 0.0073865 -0.0001212 -0.0038036 0.0002345 0.0009808 0.0033557 -0.0055837 -0.0191883 0.0045633 0.0034999 -0.0089825 -0.0190996 -0.0206216 0.0004872 0.0026801 -0.0084513 -0.0174484 0.0046687 0.0048826 0.0008423 -0.0180208 0.0040923 -0.0178824 0.0037093 0.0029126 -0.0182947 0.0003659 -0.0033470 -0.0115733 -0.0164133 -0.0169673 -0.0124903 -0.0179764 -0.0116595 -0.0058005 0.0140975 0.0187522 0.0048479 0.0166118 -0.0025371 0.0042612 -0.0015401 0.0072550 0.0031665 -0.0050441 0.0040268 0.0069157 0.0085153
0.0363632 -0.0256102 0.1981006 0.0150571 -0.0390595 0.0179344 0.1472127 0.0171456 0.1947587 0.0170410 -0.0449591 0.2088552 0.0150781 -0.0438894 0.1904388 0.0151859 -0.0435848 1.0323923 0.0133745 -0.0405897 0.2070045 0.0122041 -0.0291536 0.1964312 -0.0239693 0.0350406 -0.0712769 -0.0753285 0.0424059 -0.0286565 -0.0765220 -0.0277127 -0.0254213 -0.0738631 -0.0760491 -0.0740233 -0.0222390 0.0411527 -0.0748950 -0.0772059 -0.0224555 0.0325857 0.0389671 -0.0712357 -0.0754021 -0.0218784 0.0360614 -0.0708217 -0.0756415 -0.0759803 0.0433930 -0.0749431 0.0391756 -0.0732149 -0.0719295 0.0071509 -0.0494112 -0.0499928 0.0051678 0.0067472 0.0101178 0.0046097 0.0050774 0.0059032 0.0021722 -0.0567366 -0.0571497 -0.0487933 -0.0609906 -0.0445272 -0.0557688 -0.0467056 -0.0596549 -0.0488892 -0.0496873 -0.0565006 -0.0535702 -0.0525541
0.0035714 -0.0111285 0.0123458 0.0165228 -0.0133217 0.0152428 0.0111018 0.0186623 0.0118885 0.0166103 -0.0132074 0.0132565 0.0207107 -0.0121904 0.0152856 0.0154056 -0.0141991 0.0133745 0.9280077 -0.0112287 0.0143048 0.0166784 -0.0135464 0.0132954 -0.0121474 0.0017687 -0.0190733 -0.0203122 0.0035505 -0.0137219 -0.0209936 -0.0113946 -0.0114803 -0.0218522 -0.0214204 -0.0220383 -0.0130796 0.0031490 -0.0212129 -0.0226116 -0.0128568 -0.0003069 0.0027856 -0.0198848 -0.0220763 -0.0118905 0.0016341 -0.0198646 -0.0215801 -0.0213253 0.0035552 -0.0223989 0.0026467 -0.0206251 -0.0206701 -0.0059057 -0.0144233 -0.0152973 -0.0076774 -0.0067984 -0.0062519 -0.0064330 -0.0076728 -0.0042113 -0.0060910 -0.0159875 -0.0191460 -0.0124397 -0.0194151 -0.0160550 -0.0197959 -0.0149984 -0.0200052 -0.0129462 -0.0162054 -0.0215289 -0.0176423 -0.0198577
-0.0147038 -0.0007319 -0.0423079 -0.0160518 0.0128783 -0.0166342 -0.0407226 -0.0147879 -0.0449091 -0.0093629 0.0233318 -0.0425923 -0.0200170 0.0245384 -0.0385912 -0.0180826 0.0268956 -0.0405897 -0.0112287 0.8977528 -0.0423511 -0.0098272 -0.0027727 -0.0394097 -0.0050574 -0.0231892 0.0032839 0.0042479 -0.0146342 -0.0066619 0.0066157 0.0006642 -0.0034365 -0.0011551 -0.0008284 0.0004634 -0.0069347 -0.0180695 0.0006650 0.0010037 -0.0071078 -0.0200549 -0.0190175 0.0001690 -0.0016235 -0.0086469 -0.0171090 0.0020601 0.0024848 -0.0030334 -0.0161590 0.0012988 -0.0182946 0.0021525 0.0029405 -0.0193020 -0.0021766 -0.0016589 -0.0138875 -0.0178114 -0.0180989 -0.0131000 -0.0184191 -0.0129712 -0.0041054 0.0157873 0.0212599 0.0038845 0.0182942 -0.0031485 0.0049546 -0.0022965 0.0071363 0.0039307 -0.0061096 0.0025712 0.0061356 0.0096288
0.0368166 -0.0273763 0.1985610 0.0162737 -0.0373406 0.0197104 0.1471375 0.0183673 0.2041012 0.0171497 -0.0471709 0.2102869 0.0151130 -0.0465546 0.1973322 0.0148898 -0.0445926 0.2070045 0.0143048 -0.0423511 1.0397563 0.0128962 -0.0307845 0.1972943 -0.0248343 0.0364856 -0.0714543 -0.0777871 0.0418545 -0.0291970 -0.0780384 -0.0303017 -0.0266053 -0.0719997 -0.0773357 -0.0748939 -0.0234672 0.0416520 -0.0755458 -0.0778493 -0.0240457 0.0332285 0.0411917 -0.0716818 -0.0746601 -0.0230691 0.0359676 -0.0718250 -0.0768919 -0.0760931 0.0447942 -0.0771744 0.0393394 -0.0731510 -0.0720597 0.0095575 -0.0508707 -0.0506973 0.0055362 0.0086626 0.0107348 0.0039500 0.0047367 0.0080756 0.0018325 -0.0582095 -0.0586477 -0.0506976 -0.0627948 -0.0441306 -0.0573842 -0.0483854 -0.0613431 -0.0505824 -0.0496718 -0.0564768 -0.0540130 -0.0550295
0.0019770 -0.0101728 0.0112295 0.0178824 -0.0179053 0.0139411 0.0085351 0.0167240 0.0098016 0.0182777 -0.0142055 0.0120810 0.0155454 -0.0125245 0.0140170 0.0208623 -0.0126472 0.0122041 0.0166784 -0.0098272 0.0128962 0.9216787 -0.0142456 0.0126992 -0.0132829 0.0017255 -0.0190728 -0.0182410 0.0052633 -0.0134697 -0.0192567 -0.0121717 -0.0106991 -0.0239464 -0.0214844 -0.0219788 -0.0129580 0.0008106 -0.0234291 -0.0234761 -0.0136842 0.0000043 0.0015144 -0.0204455 -0.0238140 -0.0148836 0.0024555 -0.0201118 -0.0211741 -0.0213561 0.0040321 -0.0217274 0.0002171 -0.0224954 -0.0205581 -0.0089469 -0.0159031 -0.0159535 -0.0083827 -0.0073159 -0.0060175 -0.0085979 -0.0103698 -0.0054986 -0.0061463 -0.0141669 -0.0197616 -0.0127411 -0.0169121 -0.0132897 -0.0202664 -0.0151024 -0.0189124 -0.0134548 -0.0150962 -0.0219081 -0.0187155 -0.0217960
-0.0133231 -0.0047294 -0.0285009 -0.0130111 -0.0021606 -0.0132944 -0.0243968 -0.0129761 -0.0301334 -0.0111433 -0.0050052 -0.0291782 -0.0148955 -0.0024680 -0.0283730 -0.0134489 -0.0042595 -0.0291536 -0.0135464 -0.0027727 -0.0307845 -0.0142456 0.9289796 -0.0270802 0.0244233 -0.0151394 -0.0040148 -0.0054760 -0.0119779 0.0210578 -0.0046105 0.0197441 0.0208987 -0.0063511 -0.0052116 -0.0071910 0.0333998 -0.0147785 -0.0068710 -0.0060552 0.0296074 -0.0152414 -0.0137939 -0.0050987 -0.0055140 0.0386897 -0.0140048 -0.0072880 -0.0047107 -0.0064887 -0.0135043 -0.0062188 -0.0129748 -0.0071195 -0.0058679 -0.0175181 -0.0071338 -0.0068426 -0.0163231 -0.0167434 -0.0151927 -0.0192729 -0.0175865 -0.0137919 -0.0143652 -0.0023327 -0.0073591 -0.0015923 -0.0084088 -0.0080031 -0.0059752 -0.0041295 -0.0075353 -0.0026382 -0.0082167 -0.0058908 -0.0040494 -0.0112047
0.0346372 -0.0252702 0.1924993 0.0150202 -0.0391435 0.0158566 0.1389907 0.0167965 0.1942414 0.0162211 -0.0430559 0.2016163 0.0129888 -0.0416546 0.1909564 0.0148950 -0.0423186 0.1964312 0.0132954 -0.0394097 0.1972943 0.0126992 -0.0270802 1.0175290 -0.0235656 0.0313442 -0.0693518 -0.0741805 0.0402479 -0.0294487 -0.0741132 -0.0287423 -0.0252527 -0.0713179 -0.0739715 -0.0716539 -0.0230163 0.0374728 -0.0718836 -0.0744560 -0.0246921 0.0305026 0.0387236 -0.0702533 -0.0725660 -0.0223865 0.0348393 -0.0691666 -0.0732048 -0.0728503 0.0432431 -0.0737068 0.0366866 -0.0714742 -0.0706783 0.0065140 -0.0500600 -0.0480777 0.0038366 0.0067839 0.0081458 0.0046977 0.0051978 0.0051871 0.0025222 -0.0549939 -0.0556509 -0.0489363 -0.0584683 -0.0417368 -0.0556162 -0.0471627 -0.0568427 -0.0477353 -0.0481779 -0.0555271 -0.0529719 -0.0521274
-0.0111002 -0.0042745 -0.0237823 -0.0125612 -0.0055441 -0.0128843 -0.0214365 -0.0122149 -0.0242372 -0.0100417 -0.0040625 -0.0234297 -0.0116336 -0.0042565 -0.0230338 -0.0127193 -0.0054449 -0.0239693 -0.0121474 -0.0050574 -0.0248343 -0.0132829 0.0244233 -0.0235656 0.9162870 -0.0145595 -0.0047835 -0.0049085 -0.0094597 0.0252615 -0.0065575 0.0141534 0.0349525 -0.0072126 -0.0085449 -0.0071477 0.0223320 -0.0091450 -0.0069343 -0.0050915 0.0191037 -0.0117278 -0.0114187 -0.0054983 -0.0054021 0.0330382 -0.0105809 -0.0065019 -0.0063702 -0.0068765 -0.0104896 -0.0065196 -0.0105812 -0.0067444 -0.0067742 -0.0159853 -0.0062330 -0.0068864 -0.0152425 -0.0166067 -0.0155945 -0.0161877 -0.0174933 -0.0145171 -0.0150016 -0.0041671 -0.0101625 -0.0024899 -0.0076002 -0.0079317 -0.0086622 -0.0076071 -0.0085061 -0.0033356 -0.0057128 -0.0105439 -0.0039851 -0.0103314
0.0173646 -0.0120211 0.0322331 0.0050297 -0.0147903 0.0038297 0.0314868 0.0036700 0.0335656 0.0037899 -0.0232197 0.0333769 0.0038252 -0.0215234 0.0308855 0.0009195 -0.0242749 0.0350406 0.0017687 -0.0231892 0.0364856 0.0017255 -0.0151394 0.0313442 -0.0145595 0.9620057 -0.0301612 -0.0311436 0.0187056 -0.0151892 -0.0322204 -0.0145367 -0.0146519 -0.0303081 -0.0303202 -0.0314317 -0.0150997 0.0215805 -0.0315085 -0.0323021 -0.0149694 0.0284460 0.0261636 -0.0299181 -0.0325378 -0.0151015 0.0225958 -0.0303092 -0.0302929 -0.0301372 0.0256387 -0.0321940 0.0265332 -0.0323140 -0.0323327 -0.0031372 -0.0214594 -0.0220358 -0.0062479 -0.0027669 -0.0017989 -0.0067247 -0.0036792 -0.0059508 -0.0080736 -0.0278131 -0.0323344 -0.0216173 -0.0335955 -0.0225605 -0.0228489 -0.0213596 -0.0276082 -0.0207134 -0.0205439 -0.0257090 -0.0260858 -0.0277591
-0.0264712 -0.0003246 -0.0716063 -0.0200317 0.0025408 -0.0206239 -0.0576411 -0.0205008 -0.0708316 -0.0200828 0.0063280 -0.0721684 -0.0195963 0.0052145 -0.0708531 -0.0201726 0.0034213 -0.0712769 -0.0190733 0.0032839 -0.0714543 -0.0190728 -0.0040148 -0.0693518 -0.0047835 -0.0301612 0.9559337 0.0323850 -0.0270087 -0.0022380 0.0383615 -0.0007222 -0.0039788 0.0355102 0.0386429 0.0302672 -0.0046767 -0.0267915 0.0383701 0.0319043 -0.0058396 -0.0261742 -0.0280263 0.0351722 0.0311376 -0.0089067 -0.0264236 0.0362988 0.0293080 0.0310970 -0.0277220 0.0313808 -0.0288605 0.0360007 0.0308767 -0.0231598 0.0100102 0.0070446 -0.0188921 -0.0211897 -0.0230210 -0.0217396 -0.0218331 -0.0188705 -0.0184948 0.0105750 0.0043492 0.0112309 0.0086794 0.0060827 0.0057785 0.0085781 0.0083249 0.0113613 0.0076951 0.0033013 0.0061881 0.0009689
-0.0273815 0.0001432 -0.0764102 -0.0199413 0.0017574 -0.0236890 -0.0653865 -0.0227487 -0.0767634 -0.0182463 0.0084538 -0.0774667 -0.0242500 0.0083234 -0.0726089 -0.0233158 0.0084085 -0.0753285 -0.0203122 0.0042479 -0.0777871 -0.0182410 -0.0054760 -0.0741805 -0.0049085 -0.0311436 0.0323850 0.9440421 -0.0256271 -0.0041159 0.0352600 0.0002974 -0.0023305 0.0307319 0.0324037 0.0393472 -0.0068283 -0.0294918 0.0320972 0.0428607 -0.0056433 -0.0291733 -0.0309986 0.0303605 0.0419658 -0.0078572 -0.0293762 0.0342477 0.0439610 0.0414751 -0.0285084 0.0428822 -0.0282449 0.0328610 0.0418343 -0.0239890 0.0109124 0.0097847 -0.0218819 -0.0218390 -0.0241260 -0.0203749 -0.0243211 -0.0191438 -0.0171510 0.0143806 0.0061904 0.0150395 0.0104214 0.0102104 0.0057035 0.0103074 0.0065115 0.0151344 0.0074483 0.0019017 0.0069276 0.0013732
0.0222087 -0.0088911 0.0406421 0.0027495 -0.0186789 0.0027703 0.0291716 0.0028784 0.0375860 0.0054416 -0.0163400 0.0410582 0.0013233 -0.0150516 0.0394707 0.0036502 -0.0128203 0.0424059 0.0035505 -0.0146342 0.0418545 0.0052633 -0.0119779 0.0402479 -0.0094597 0.0187056 -0.0270087 -0.0256271 0.9359896 -0.0122704 -0.0260695 -0.0091344 -0.0114521 -0.0291806 -0.0285608 -0.0277226 -0.0116832 0.0225852 -0.0279094 -0.0284930 -0.0119194 0.0212998 0.0198862 -0.0270140 -0.0279620 -0.0104770 0.0240050 -0.0265956 -0.0280741 -0.0289909 0.0231842 -0.0275760 0.0240046 -0.0279650 -0.0275627 -0.0023903 -0.0185039 -0.0210140 -0.0018972 -0.0024152 -0.0017644 -0.0017606 -0.0038565 -0.0002342 0.0017880 -0.0181708 -0.0214341 -0.0164213 -0.0198226 -0.0174805 -0.0248985 -0.0190438 -0.0242979 -0.0159667 -0.0219366 -0.0258900 -0.0221911 -0.0229483
-0.0136540 -0.0038897 -0.0291394 -0.0124551 0.0004698 -0.0117593 -0.0225630 -0.0119343 -0.0293789 -0.0134663 -0.0029894 -0.0302571 -0.0125108 -0.0026220 -0.0289128 -0.0129304 -0.0055829 -0.0286565 -0.0137219 -0.0066619 -0.0291970 -0.0134697 0.0210578 -0.0294487 0.0252615 -0.0151892 -0.0022380 -0.0041159 -0.0122704 0.9285052 -0.0045388 0.0137502 0.0240754 -0.0045916 -0.0037554 -0.0059448 0.0285084 -0.0140521 -0.0038552 -0.0053965 0.0222136 -0.0139297 -0.0136876 -0.0029085 -0.0028358 0.0319929 -0.0131153 -0.0059747 -0.0032010 -0.0030933 -0.0134533 -0.0033516 -0.0138802 -0.0056018 -0.0073749 -0.0136455 -0.0052859 -0.0070840 -0.0149135 -0.0142397 -0.0144021 -0.0159899 -0.0146248 -0.0150773 -0.0176271 -0.0058998 -0.0123080 -0.0015978 -0.0076567 -0.0055141 -0.0056899 -0.0047896 -0.0051594 -0.0022293 -0.0044143 -0.0057007 -0.0044107 -0.0098313
-0.0267420 0.0020553 -0.0762053 -0.0227043 -0.0004501 -0.0244667 -0.0657678 -0.0229965 -0.0776305 -0.0209842 0.0091819 -0.0778553 -0.0236515 0.0092820 -0.0736788 -0.0242616 0.0073865 -0.0765220 -0.0209936 0.0066157 -0.0780384 -0.0192567 -0.0046105 -0.0741132 -0.0065575 -0.0322204 0.0383615 0.0352600 -0.0260695 -0.0045388 0.9410771 -0.0008551 -0.0037146 0.0381615 0.0403101 0.0335707 -0.0077877 -0.0294506 0.0420420 0.0347035 -0.0064435 -0.0288772 -0.0308046 0.0378991 0.0333849 -0.0094738 -0.0290832 0.0392759 0.0343619 0.0331895 -0.0284178 0.0350623 -0.0301449 0.0419057 0.0342303 -0.0244916 0.0115016 0.0102941 -0.0212288 -0.0229594 -0.0242224 -0.0214516 -0.0241997 -0.0176804 -0.0160720 0.0146209 0.0092884 0.0148137 0.0143726 0.0084308 0.0047098 0.0082630 0.0080713 0.0146368 0.0058898 0.0036834 0.0068568 0.0035919
-0.0119384 0.0051385 -0.0285434 -0.0124516 -0.0071698 -0.0122391 -0.0257347 -0.0142317 -0.0304267 -0.0099878 -0.0016811 -0.0288059 -0.0125791 0.0007272 -0.0270542 -0.0128288 -0.0001212 -0.0277127 -0.0113946 0.0006642 -0.0303017 -0.0121717 0.0197441 -0.0287423 0.0141534 -0.0145367 -0.0007222 0.0002974 -0.0091344 0.0137502 -0.0008551 0.9050081 0.0081597 -0.0038173 -0.0030070 -0.0029070 0.0132274 -0.0111729 -0.0009385 -0.0011780 0.0109102 -0.0143660 -0.0153392 -0.0015711 -0.0022324 0.0144971 -0.0128474 -0.0006284 -0.0002199 -0.0039992 -0.0116012 -0.0011309 -0.0134020 -0.0009548 -0.0009208 -0.0136091 -0.0042110 -0.0043819 -0.0141204 -0.0137248 -0.0175025 -0.0163394 -0.0176006 -0.0130755 -0.0139990 0.0006320 -0.0007169 -0.0002483 -0.0010680 -0.0031472 -0.0059472 -0.0017025 -0.0045969 -0.0001839 -0.0055323 -0.0050745 -0.0034817 -0.0066347
-0.0120502 -0.0031253 -0.0269050 -0.0115310 -0.0048591 -0.0139375 -0.0223811 -0.0115036 -0.0271246 -0.0106549 -0.0041224 -0.0270137 -0.0141328 -0.0022769 -0.0247524 -0.0141039 -0.0038036 -0.0254213 -0.0114803 -0.0034365 -0.0266053 -0.0106991 0.0208987 -0.0252527 0.0349525 -0.0146519 -0.0039788 -0.0023305 -0.0114521 0.0240754 -0.0037146 0.0081597 0.9151756 -0.0070652 -0.0057000 -0.0050315 0.0321408 -0.0108062 -0.0060743 -0.0048567 0.0195619 -0.0117294 -0.0131066 -0.0049190 -0.0053141 0.0332522 -0.0114867 -0.0049694 -0.0047148 -0.0058534 -0.0114336 -0.0046003 -0.0113767 -0.0041882 -0.0049341 -0.0151943 -0.0069857 -0.0069217 -0.0157401 -0.0182511 -0.0142012 -0.0180766 -0.0187256 -0.0138965 -0.0155176 -0.0032032 -0.0099189 -0.0023797 -0.0083086 -0.0087927 -0.0074357 -0.0073232 -0.0077173 -0.0028386 -0.0079040 -0.0092316 -0.0044583 -0.0093847
-0.0291011 -0.0022396 -0.0731260 -0.0212022 0.0057431 -0.0218537 -0.0586074 -0.0232280 -0.0715216 -0.0226333 0.0031761 -0.0747021 -0.0207029 0.0022808 -0.0708694 -0.0223322 0.0002345 -0.0738631 -0.0218522 -0.0011551 -0.0719997 -0.0239464 -0.0063511 -0.0713179 -0.0072126 -0.0303081 0.0355102 0.0307319 -0.0291806 -0.0045916 0.0381615 -0.0038173 -0.0070652 0.9759035 0.0419083 0.0323153 -0.0075699 -0.0288010 0.0410748 0.0318933 -0.0082797 -0.0291498 -0.0284108 0.0396270 0.0334195 -0.0085745 -0.0277751 0.0372106 0.0297320 0.0325944 -0.0299634 0.0316306 -0.0315484 0.0406343 0.0288047 -0.0243073 0.0098360 0.0080847 -0.0230280 -0.0215509 -0.0218276 -0.0239287 -0.0228700 -0.0192536 -0.0221621 0.0091973 0.0018475 0.0119470 0.0042776 0.0083918 0.0048971 0.0065877 0.0041714 0.0111832 0.0062691 0.0030248 0.0026708 -0.0033102
-0.0285828 -0.0002131 -0.0760144 -0.0217963 0.0035161 -0.0203431 -0.0588573 -0.0224385 -0.0731223 -0.0212660 0.0053570 -0.0782039 -0.0218074 0.0036000 -0.0749637 -0.0216312 0.0009808 -0.0760491 -0.0214204 -0.0008284 -0.0773357 -0.0214844 -0.0052116 -0.0739715 -0.0085449 -0.0303202 0.0386429 0.0324037 -0.0285608 -0.0037554 0.0403101 -0.0030070 -0.0057000 0.0419083 0.9625570 0.0325648 -0.0074842 -0.0303351 0.0415244 0.0337825 -0.0082349 -0.0289374 -0.0297657 0.0391171 0.0341019 -0.0098307 -0.0306846 0.0392648 0.0326553 0.0337215 -0.0304269 0.0340259 -0.0310560 0.0402843 0.0312773 -0.0245785 0.0083389 0.0066475 -0.0231169 -0.0231993 -0.0239517 -0.0234693 -0.0221810 -0.0216836 -0.0229898 0.0101498 -0.0001818 0.0112783 0.0045724 0.0057061 0.0064090 0.0074962 0.0065737 0.0113388 0.0087467 0.0043059 0.0046754 -0.0007831
-0.0294932 -0.0006908 -0.0728699 -0.0220143 0.0015969 -0.0224196 -0.0606500 -0.0234913 -0.0739122 -0.0219599 0.0044140 -0.0746544 -0.0237597 0.0036166 -0.0707704 -0.0246370 0.0033557 -0.0740233 -0.0220383 0.0004634 -0.0748939 -0.0219788 -0.0071910 -0.0716539 -0.0071477 -0.0314317 0.0302672 0.0393472 -0.0277226 -0.0059448 0.0335707 -0.0029070 -0.0050315 0.0323153 0.0325648 0.9518268 -0.0083540 -0.0316683 0.0346117 0.0435306 -0.0080328 -0.0287960 -0.0306743 0.0295715 0.0451352 -0.0085943 -0.0304929 0.0325554 0.0411038 0.0410790 -0.0296963 0.0421278 -0.0308809 0.0331072 0.0443649 -0.0246944 0.0100513 0.0063757 -0.0239780 -0.0242073 -0.0254493 -0.0236150 -0.0258074 -0.0210881 -0.0233387 0.0092672 -0.0002849 0.0136587 0.0061851 0.0068838 0.0031272 0.0072942 0.0042721 0.0126665 0.0070878 0.0017060 0.0023131 -0.0023631
-0.0116449 -0.0058053 -0.0228799 -0.0128015 -0.0040278 -0.0117878 -0.0185170 -0.0105537 -0.0241912 -0.0114532 -0.0057434 -0.0240506 -0.0137950 -0.0053337 -0.0230926 -0.0124251 -0.0055837 -0.0222390 -0.0130796 -0.0069347 -0.0234672 -0.0129580 0.0333998 -0.0230163 0.0223320 -0.0150997 -0.0046767 -0.0068283 -0.0116832 0.0285084 -0.0077877 0.0132274 0.0321408 -0.0075699 -0.0074842 -0.0083540 0.9262407 -0.0103741 -0.0103992 -0.0073528 0.0276718 -0.0113164 -0.0117195 -0.0065155 -0.0091962 0.0398618 -0.0114768 -0.0075772 -0.0085648 -0.0070554 -0.0117477 -0.0067553 -0.0123348 -0.0070538 -0.0095283 -0.0155616 -0.0083282 -0.0078770 -0.0169666 -0.0167631 -0.0147502 -0.0167076 -0.0170860 -0.0146616 -0.0200311 -0.0068388 -0.0136529 -0.0049904 -0.0127878 -0.0099672 -0.0100867 -0.0072744 -0.0088211 -0.0051751 -0.0086468 -0.0080560 -0.0056556 -0.0131018
0.0201350 -0.0126596 0.0397727 0.0046109 -0.0166610 0.0032111 0.0332823 0.0034534 0.0398750 0.0035610 -0.0202945 0.0393614 0.0033658 -0.0185628 0.0388425 0.0046973 -0.0191883 0.0411527 0.0031490 -0.0180695 0.0416520 0.0008106 -0.0147785 0.0374728 -0.0091450 0.0215805 -0.0267915 -0.0294918 0.0225852 -0.0140521 -0.0294506 -0.0111729 -0.0108062 -0.0288010 -0.0303351 -0.0316683 -0.0103741 0.9435137 -0.0305790 -0.0304478 -0.0111382 0.0220481 0.0269142 -0.0277346 -0.0306376 -0.0103063 0.0270680 -0.0278786 -0.0300390 -0.0299155 0.0219004 -0.0304979 0.0254523 -0.0295298 -0.0291382 -0.0028216 -0.0208611 -0.0204046 -0.0033193 -0.0012248 0.0009237 -0.0016677 -0.0006251 -0.0016659 -0.0018598 -0.0222814 -0.0251471 -0.0178175 -0.0262016 -0.0198440 -0.0248502 -0.0194676 -0.0269222 -0.0189006 -0.0220907 -0.0255862 -0.0231196 -0.0272427
-0.0298891 -0.0011165 -0.0749308 -0.0209474 0.0019051 -0.0224042 -0.0596496 -0.0211111 -0.0736918 -0.0200562 0.0053215 -0.0761577 -0.0213040 0.0045482 -0.0733780 -0.0210928 0.0045633 -0.0748950 -0.0212129 0.0006650 -0.0755458 -0.0234291 -0.0068710 -0.0718836 -0.0069343 -0.0315085 0.0383701 0.0320972 -0.0279094 -0.0038552 0.0420420 -0.0009385 -0.0060743 0.0410748 0.0415244 0.0346117 -0.0103992 -0.0305790 0.9543881 0.0347781 -0.0082435 -0.0297773 -0.0310987 0.0397325 0.0313869 -0.0080052 -0.0311226 0.0391806 0.0327451 0.0342890 -0.0322320 0.0326747 -0.0336747 0.0394002 0.0328710 -0.0246366 0.0100471 0.0085467 -0.0238894 -0.0219830 -0.0233807 -0.0244878 -0.0248748 -0.0217934 -0.0217760 0.0097885 0.0006920 0.0122400 0.0040365 0.0071830 0.0039446 0.0072060 0.0037690 0.0114790 0.0075548 0.0020018 0.0047640 0.0007906
-0.0288148 0.0002213 -0.0758106 -0.0213007 0.0021913 -0.0254499 -0.0621892 -0.0230806 -0.0757158 -0.0218438 0.0056067 -0.0775469 -0.0231702 0.0046473 -0.0754464 -0.0221846 0.0034999 -0.0772059 -0.0226116 0.0010037 -0.0778493 -0.0234761 -0.0060552 -0.0744560 -0.0050915 -0.0323021 0.0319043 0.0428607 -0.0284930 -0.0053965 0.0347035 -0.0011780 -0.0048567 0.0318933 0.0337825 0.0435306 -0.0073528 -0.0304478 0.0347781 0.9497112 -0.0059956 -0.0281427 -0.0316178 0.0300247 0.0436865 -0.0091782 -0.0294148 0.0323414 0.0440272 0.0451536 -0.0316600 0.0434598 -0.0321868 0.0331041 0.0426413 -0.0245841 0.0099369 0.0086354 -0.0221018 -0.0226642 -0.0239923 -0.0226557 -0.0248240 -0.0196445 -0.0219716 0.0118867 0.0036320 0.0138882 0.0063838 0.0091274 0.0055101 0.0091490 0.0056363 0.0136402 0.0085917 0.0035376 0.0045395 -0.0042946
-0.0128916 -0.0045553 -0.0261535 -0.0125829 -0.0044248 -0.0117900 -0.0200565 -0.0141530 -0.0234611 -0.0120228 -0.0073546 -0.0256633 -0.0128131 -0.0055935 -0.0243319 -0.0109400 -0.0089825 -0.0224555 -0.0128568 -0.0071078 -0.0240457 -0.0136842 0.0296074 -0.0246921 0.0191037 -0.0149694 -0.0058396 -0.0056433 -0.0119194 0.0222136 -0.0064435 0.0109102 0.0195619 -0.0082797 -0.0082349 -0.0080328 0.0276718 -0.0111382 -0.0082435 -0.0059956 0.9287840 -0.0124225 -0.0125505 -0.0048622 -0.0076762 0.0252606 -0.0124726 -0.0056026 -0.0069100 -0.0084876 -0.0126614 -0.0076584 -0.0065160 -0.0072131 -0.0092217 -0.0172744 -0.0067082 -0.0021208 -0.0167637 -0.0152014 -0.0145813 -0.0180580 -0.0155695 -0.0150718 -0.0182333 -0.0063654 -0.0134929 -0.0026390 -0.0071464 -0.0076625 -0.0076688 -0.0064243 -0.0086213 -0.0031271 -0.0081737 -0.0077763 -0.0042908 -0.0139643
0.0187995 -0.0126619 0.0298603 0.0025545 -0.0169535 0.0047918 0.0276204 0.0026100 0.0309424 0.0019457 -0.0197301 0.0320183 0.0040024 -0.0174776 0.0308079 0.0034823 -0.0190996 0.0325857 -0.0003069 -0.0200549 0.0332285 0.0000043 -0.0152414 0.0305026 -0.0117278 0.0284460 -0.0261742 -0.0291733 0.0212998 -0.0139297 -0.0288772 -0.0143660 -0.0117294 -0.0291498 -0.0289374 -0.0287960 -0.0113164 0.0220481 -0.0297773 -0.0281427 -0.0124225 0.9396748 0.0254963 -0.0280780 -0.0285063 -0.0121503 0.0210351 -0.0271856 -0.0285449 -0.0292283 0.0195028 -0.0291942 0.0268555 -0.0298936 -0.0284916 -0.0033910 -0.0192017 -0.0197153 -0.0059909 -0.0043261 -0.0014178 -0.0043240 -0.0036970 -0.0045556 -0.0072576 -0.0234697 -0.0290000 -0.0178630 -0.0264630 -0.0183069 -0.0239048 -0.0183762 -0.0254827 -0.0185812 -0.0202711 -0.0246647 -0.0225002 -0.0254193
0.0248210 -0.0122557 0.0380345 0.0032866 -0.0170626 0.0049408 0.0320865 0.0034156 0.0374058 0.0040615 -0.0202299 0.0392128 0.0032667 -0.0191752 0.0371066 0.0057722 -0.0206216 0.0389671 0.0027856 -0.0190175 0.0411917 0.0015144 -0.0137939 0.0387236 -0.0114187 0.0261636 -0.0280263 -0.0309986 0.0198862 -0.0136876 -0.0308046 -0.0153392 -0.0131066 -0.0284108 -0.0297657 -0.0306743 -0.0117195 0.0269142 -0.0310987 -0.0316178 -0.0125505 0.0254963 0.9422818 -0.0275276 -0.0301833 -0.0116627 0.0241313 -0.0299798 -0.0292113 -0.0323484 0.0233863 -0.0304998 0.0253634 -0.0296269 -0.0291914 -0.0021190 -0.0222303 -0.0212167 -0.0038238 -0.0020975 -0.0017899 -0.0047516 -0.0028513 -0.0041254 -0.0059175 -0.0236022 -0.0272088 -0.0189075 -0.0283552 -0.0184650 -0.0254772 -0.0212628 -0.0275329 -0.0180300 -0.0207835 -0.0265963 -0.0239450 -0.0254060
-0.0272979 -0.0008997 -0.0721063 -0.0179514 0.0046416 -0.0214615 -0.0586187 -0.0212942 -0.0692921 -0.0205830 0.0047785 -0.0737795 -0.0202541 0.0047000 -0.0701833 -0.0205189 0.0004872 -0.0712357 -0.0198848 0.0001690 -0.0716818 -0.0204455 -0.0050987 -0.0702533 -0.0054983 -0.0299181 0.0351722 0.0303605 -0.0270140 -0.0029085 0.0378991 -0.0015711 -0.0049190 0.0396270 0.0391171 0.0295715 -0.0065155 -0.0277346 0.0397325 0.0300247 -0.0048622 -0.0280780 -0.0275276 0.9635183 0.0325678 -0.0084248 -0.0284532 0.0353796 0.0307475 0.0324163 -0.0296349 0.0310534 -0.0297107 0.0392181 0.0295190 -0.0213875 0.0083190 0.0079813 -0.0218303 -0.0206396 -0.0206852 -0.0218869 -0.0228806 -0.0181167 -0.0215141 0.0094241 0.0005453 0.0121812 0.0057125 0.0067560 0.0078002 0.0081855 0.0070278 0.0121880 0.0097966 0.0038131 0.0052166 -0.0005175
-0.0285303 0.0018010 -0.0751786 -0.0212013 0.0007682 -0.0242171 -0.0609818 -0.0233036 -0.0734838 -0.0224809 0.0058150 -0.0748936 -0.0237975 0.0056557 -0.0724290 -0.0228304 0.0026801 -0.0754021 -0.0220763 -0.0016235 -0.0746601 -0.0238140 -0.0055140 -0.0725660 -0.0054021 -0.0325378 0.0311376 0.0419658 -0.0279620 -0.0028358 0.0333849 -0.0022324 -0.0053141 0.0334195 0.0341019 0.0451352 -0.0091962 -0.0306376 0.0313869 0.0436865 -0.0076762 -0.0285063 -0.0301833 0.0325678 0.9521879 -0.0094529 -0.0288177 0.0318670 0.0420027 0.0440595 -0.0297803 0.0434616 -0.0312948 0.0324449 0.0449412 -0.0257232 0.0105036 0.0076934 -0.0240186 -0.0217912 -0.0234682 -0.0245498 -0.0255788 -0.0202729 -0.0232023 0.0092616 -0.0001162 0.0140042 0.0037474 0.0078699 0.0050137 0.0076745 0.0065000 0.0129096 0.0083734 0.0013734 0.0049910 -0.0019871
-0.0122573 -0.0093350 -0.0226128 -0.0132194 -0.0067934 -0.0146465 -0.0189726 -0.0125813 -0.0230082 -0.0116601 -0.0077154 -0.0228761 -0.0130845 -0.0058644 -0.0225799 -0.0102866 -0.0084513 -0.0218784 -0.0118905 -0.0086469 -0.0230691 -0.0148836 0.0386897 -0.0223865 0.0330382 -0.0151015 -0.0089067 -0.0078572 -0.0104770 0.0319929 -0.0094738 0.0144971 0.0332522 -0.0085745 -0.0098307 -0.0085943 0.0398618 -0.0103063 -0.0080052 -0.0091782 0.0252606 -0.0121503 -0.0116627 -0.0084248 -0.0094529 0.9234298 -0.0105003 -0.0086413 -0.0083244 -0.0102519 -0.0112133 -0.0083931 -0.0122137 -0.0090939 -0.0113258 -0.0164366 -0.0103289 -0.0098808 -0.0173749 -0.0147964 -0.0130817 -0.0169453 -0.0160162 -0.0140871 -0.0178305 -0.0071817 -0.0118835 -0.0041457 -0.0123985 -0.0084515 -0.0108524 -0.0094874 -0.0121543 -0.0062663 -0.0101886 -0.0111671 -0.0051124 -0.0119649
0.0212399 -0.0119907 0.0362719 0.0007904 -0.0189280 0.0016109 0.0284274 0.0028391 0.0341112 0.0044085 -0.0199888 0.0369682 0.0010420 -0.0188156 0.0353251 0.0036309 -0.0174484 0.0360614 0.0016341 -0.0171090 0.0359676 0.0024555 -0.0140048 0.0348393 -0.0105809 0.0225958 -0.0264236 -0.0293762 0.0240050 -0.0131153 -0.0290832 -0.0128474 -0.0114867 -0.0277751 -0.0306846 -0.0304929 -0.0114768 0.0270680 -0.0311226 -0.0294148 -0.0124726 0.0210351 0.0241313 -0.0284532 -0.0288177 -0.0105003 0.9387180 -0.0291622 -0.0298018 -0.0283919 0.0229090 -0.0304003 0.0268395 -0.0277384 -0.0288265 -0.0053335 -0.0210136 -0.0202707 -0.0050607 -0.0043649 -0.0037827 -0.0046008 -0.0047162 -0.0024586 -0.0039737 -0.0223940 -0.0269705 -0.0172171 -0.0241981 -0.0192577 -0.0250781 -0.0203221 -0.0254418 -0.0185968 -0.0213384 -0.0256486 -0.0240246 -0.0248556
-0.0277140 -0.0005847 -0.0694958 -0.0215227 -0.0005306 -0.0231267 -0.0608257 -0.0218121 -0.0713659 -0.0194172 0.0048555 -0.0732063 -0.0235079 0.0061770 -0.0675960 -0.0225088 0.0046687 -0.0708217 -0.0198646 0.0020601 -0.0718250 -0.0201118 -0.0072880 -0.0691666 -0.0065019 -0.0303092 0.0362988 0.0342477 -0.0265956 -0.0059747 0.0392759 -0.0006284 -0.0049694 0.0372106 0.0392648 0.0325554 -0.0075772 -0.0278786 0.0391806 0.0323414 -0.0056026 -0.0271856 -0.0299798 0.0353796 0.0318670 -0.0086413 -0.0291622 0.9392785 0.0319394 0.0312119 -0.0284505 0.0329137 -0.0290240 0.0414063 0.0323521 -0.0239590 0.0076704 0.0055314 -0.0219701 -0.0211666 -0.0236768 -0.0228113 -0.0222640 -0.0186355 -0.0176324 0.0109933 0.0015227 0.0115448 0.0069220 0.0064376 0.0022141 0.0061156 0.0045300 0.0118626 0.0066315 0.0002162 0.0029597 -0.0019889
